# Time	Flux
0.0000000000e+00 5.4670178908e-01
1.0000000000e+02 9.9692443621e-01
2.0000000000e+02 1.2088419098e+00
3.0000000000e+02 3.2461725280e-01
4.0000000000e+02 2.7564270411e+00
5.0000000000e+02 2.7685615287e+00
6.0000000000e+02 2.2013672193e+00
7.0000000000e+02 4.2904194072e+00
8.0000000000e+02 1.7909585949e+01
9.0000000000e+02 4.6339579642e+00
1.0000000000e+03 1.8157116657e+00
1.1000000000e+03 2.8102529547e+00
1.2000000000e+03 8.3092500869e+00
1.3000000000e+03 1.0870079570e+01
1.4000000000e+03 1.7751253988e+01
1.5000000000e+03 1.7761518946e+01
1.6000000000e+03 9.5522079090e+00
1.7000000000e+03 4.4570085549e+00
1.8000000000e+03 2.7413076062e+00
1.9000000000e+03 3.4639163524e+00
2.0000000000e+03 2.7696946963e+00
2.1000000000e+03 1.2676595507e+00
2.2000000000e+03 2.2992235761e+00
2.3000000000e+03 3.1603933623e+00
2.4000000000e+03 2.5367539905e+00
2.5000000000e+03 5.0999780380e+00
2.6000000000e+03 8.3592128764e+00
2.7000000000e+03 3.0352580361e+00
2.8000000000e+03 4.5444673056e+00
2.9000000000e+03 2.9064463478e+00
3.0000000000e+03 6.7331951922e+00
3.1000000000e+03 1.7523751522e+00
3.2000000000e+03 1.2250064408e+00
3.3000000000e+03 2.0663619015e+00
3.4000000000e+03 6.7727850600e+00
3.5000000000e+03 4.9762986383e+00
3.6000000000e+03 5.2255268282e+00
3.7000000000e+03 3.6614444992e+00
3.8000000000e+03 2.2593077896e+00
3.9000000000e+03 1.0517891413e+01
4.0000000000e+03 5.5850259806e+00
4.1000000000e+03 1.9839262991e+01
4.2000000000e+03 8.6288421333e+00
4.3000000000e+03 6.1706336465e+00
4.4000000000e+03 1.0167391654e+00
4.5000000000e+03 8.8804248417e+00
4.6000000000e+03 4.1549470003e+00
4.7000000000e+03 1.3976754750e+00
4.8000000000e+03 2.0824758953e+00
4.9000000000e+03 1.0969311189e+01
5.0000000000e+03 6.5281875919e+00
5.1000000000e+03 3.0487739973e+00
5.2000000000e+03 2.1754570520e+00
5.3000000000e+03 1.7061745331e+00
5.4000000000e+03 2.9875281346e+00
5.5000000000e+03 6.6680390637e+00
5.6000000000e+03 2.1084005685e+01
5.7000000000e+03 2.1008270929e+01
5.8000000000e+03 1.6005448507e+01
5.9000000000e+03 2.6054235277e+01
6.0000000000e+03 8.4125122497e+00
6.1000000000e+03 1.1593199096e+01
6.2000000000e+03 2.4179134821e+01
6.3000000000e+03 7.0280357959e+00
6.4000000000e+03 4.8122523365e+00
6.5000000000e+03 4.2891007361e+00
6.6000000000e+03 7.4764820445e-01
6.7000000000e+03 1.2228073592e+00
6.8000000000e+03 3.2042584286e-01
6.9000000000e+03 1.1635942404e+00
7.0000000000e+03 1.5094920241e+00
7.1000000000e+03 5.8759801082e-01
7.2000000000e+03 4.6057026279e+00
7.3000000000e+03 3.9174647127e+00
7.4000000000e+03 9.0031669285e-01
7.5000000000e+03 8.6729991079e-01
7.6000000000e+03 6.4582683301e+00
7.7000000000e+03 4.8764288828e+00
7.8000000000e+03 8.9161843623e+00
7.9000000000e+03 1.0492690940e+01
8.0000000000e+03 3.1731525176e+00
8.1000000000e+03 3.5826281953e+00
8.2000000000e+03 2.4926364575e+00
8.3000000000e+03 7.1006965857e+00
8.4000000000e+03 6.2618886088e+00
8.5000000000e+03 2.7199771027e+00
8.6000000000e+03 2.6204264760e+00
8.7000000000e+03 2.0736202519e+00
8.8000000000e+03 3.3400448771e+00
8.9000000000e+03 1.1785348671e+01
9.0000000000e+03 8.4507600694e+00
9.1000000000e+03 2.8239813556e+00
9.2000000000e+03 7.6287125912e+00
9.3000000000e+03 6.5398562117e+00
9.4000000000e+03 5.4544008004e+00
9.5000000000e+03 2.2960277192e+00
9.6000000000e+03 8.6455421099e-01
9.7000000000e+03 5.9549357685e-02
9.8000000000e+03 2.0878294511e-01
9.9000000000e+03 4.9407531367e-01
1.0000000000e+04 1.1623556396e+00
1.0100000000e+04 2.7671840979e-01
1.0200000000e+04 7.7340938984e-01
1.0300000000e+04 7.1976367337e-02
1.0400000000e+04 7.6466703848e-02
1.0500000000e+04 3.5852434142e-01
1.0600000000e+04 7.7418098668e-01
1.0700000000e+04 5.1645781106e-01
1.0800000000e+04 1.1724744650e+00
1.0900000000e+04 6.8273856545e-01
1.1000000000e+04 1.3491200519e-01
1.1100000000e+04 2.4034177101e-01
1.1200000000e+04 9.1425528534e-01
1.1300000000e+04 1.6497486933e+00
1.1400000000e+04 1.1715008859e+00
1.1500000000e+04 1.0136479693e+01
1.1600000000e+04 4.8861610737e+00
1.1700000000e+04 5.2936352279e+00
1.1800000000e+04 8.7144355100e+00
1.1900000000e+04 3.3396526921e+00
1.2000000000e+04 2.3940852377e+00
1.2100000000e+04 1.5485530663e+00
1.2200000000e+04 3.4866394714e+00
1.2300000000e+04 1.3736224564e+00
1.2400000000e+04 1.0748924820e+01
1.2500000000e+04 8.4718562758e+00
1.2600000000e+04 3.4823751045e+00
1.2700000000e+04 3.6064535689e+00
1.2800000000e+04 3.4758509989e+00
1.2900000000e+04 3.2506886776e+00
1.3000000000e+04 4.4101605656e-01
1.3100000000e+04 2.2256061986e+00
1.3200000000e+04 8.2642280035e+00
1.3300000000e+04 3.6238271357e+00
1.3400000000e+04 4.6865576549e+00
1.3500000000e+04 1.6079650187e+00
1.3600000000e+04 1.4822599823e+00
1.3700000000e+04 1.4955864896e+00
1.3800000000e+04 4.3752035381e+00
1.3900000000e+04 4.0752396588e+00
1.4000000000e+04 1.2372724026e+00
1.4100000000e+04 2.6498415380e+00
1.4200000000e+04 3.6936994224e+00
1.4300000000e+04 1.3914283644e+00
1.4400000000e+04 1.6379368986e+00
1.4500000000e+04 3.5103891613e+00
1.4600000000e+04 2.6575098552e+00
1.4700000000e+04 6.5441595384e+00
1.4800000000e+04 5.0242222588e+00
1.4900000000e+04 6.0201369639e+00
1.5000000000e+04 1.2538231637e+01
1.5100000000e+04 1.8550398004e+01
1.5200000000e+04 9.1865598705e+00
1.5300000000e+04 7.3511525314e+00
1.5400000000e+04 5.6883222839e+00
1.5500000000e+04 2.2457809810e+00
1.5600000000e+04 4.9529820136e+00
1.5700000000e+04 1.0710637538e+01
1.5800000000e+04 1.4336996183e+01
1.5900000000e+04 7.3223468308e+00
1.6000000000e+04 1.0153120246e+01
1.6100000000e+04 1.9027835423e+01
1.6200000000e+04 8.9062245241e+00
1.6300000000e+04 1.1191551760e+01
1.6400000000e+04 1.3667622715e+01
1.6500000000e+04 2.1086253461e+01
1.6600000000e+04 1.5145135086e+01
1.6700000000e+04 8.1576779166e+00
1.6800000000e+04 9.9680714579e+00
1.6900000000e+04 2.1000285333e+01
1.7000000000e+04 1.3234967552e+01
1.7100000000e+04 3.0759156256e+00
1.7200000000e+04 5.7581511885e+00
1.7300000000e+04 1.5955812114e+00
1.7400000000e+04 1.8957814501e+00
1.7500000000e+04 2.6815548781e+00
1.7600000000e+04 2.1876411394e+00
1.7700000000e+04 3.2178982335e+00
1.7800000000e+04 4.4978781475e+00
1.7900000000e+04 4.6181123349e+00
1.8000000000e+04 2.6985643022e-01
1.8100000000e+04 2.1516791728e+00
1.8200000000e+04 1.1265235624e+00
1.8300000000e+04 3.4047467063e-01
1.8400000000e+04 2.2807241037e-01
1.8500000000e+04 6.5405665030e-01
1.8600000000e+04 3.5575040540e-01
1.8700000000e+04 5.7227875348e-02
1.8800000000e+04 3.0228315152e-01
1.8900000000e+04 1.0077091614e+00
1.9000000000e+04 1.0619077716e+00
1.9100000000e+04 5.6378656687e+00
1.9200000000e+04 4.4874415145e+00
1.9300000000e+04 4.2106112502e+00
1.9400000000e+04 4.5740737951e+00
1.9500000000e+04 1.3979185222e+01
1.9600000000e+04 6.5930578871e+00
1.9700000000e+04 6.2720199150e+00
1.9800000000e+04 8.6653516093e+00
1.9900000000e+04 1.8886980702e+01
2.0000000000e+04 1.4587019210e+01
2.0100000000e+04 6.9767673135e+00
2.0200000000e+04 2.1195872170e+01
2.0300000000e+04 7.0277181173e+00
2.0400000000e+04 2.2543591949e+00
2.0500000000e+04 6.8679036259e+00
2.0600000000e+04 5.0892790107e+00
2.0700000000e+04 4.4364409459e+00
2.0800000000e+04 4.7753967859e+00
2.0900000000e+04 1.4514297598e+01
2.1000000000e+04 4.5280247533e+00
2.1100000000e+04 6.8575627471e+00
2.1200000000e+04 7.7068036807e+00
2.1300000000e+04 7.6535728592e+00
2.1400000000e+04 3.2244630101e+00
2.1500000000e+04 7.3223009204e+00
2.1600000000e+04 2.3521682475e+00
2.1700000000e+04 3.5621401802e+00
2.1800000000e+04 2.8875119797e+00
2.1900000000e+04 3.9953044819e+00
2.2000000000e+04 2.6709797007e+00
2.2100000000e+04 3.3515465939e+00
2.2200000000e+04 1.7627619412e+00
2.2300000000e+04 4.6815968334e-01
2.2400000000e+04 1.2660115278e+00
2.2500000000e+04 1.6576745658e+00
2.2600000000e+04 3.2897884599e+00
2.2700000000e+04 2.0432419128e+00
2.2800000000e+04 1.1840375949e+00
2.2900000000e+04 6.9500524580e+00
2.3000000000e+04 9.0261908472e+00
2.3100000000e+04 3.4435463063e+00
2.3200000000e+04 1.9801810466e+00
2.3300000000e+04 2.3911112345e+00
2.3400000000e+04 3.1792151551e+00
2.3500000000e+04 1.7362713471e+00
2.3600000000e+04 2.2704351856e+00
2.3700000000e+04 9.7575170024e-01
2.3800000000e+04 6.5573087344e-01
2.3900000000e+04 6.5918270561e-01
2.4000000000e+04 1.5376022959e+00
2.4100000000e+04 1.9872481812e+00
2.4200000000e+04 2.5840548085e+00
2.4300000000e+04 7.1409389483e+00
2.4400000000e+04 8.9899454200e+00
2.4500000000e+04 1.3679235562e+01
2.4600000000e+04 4.7930491463e+00
2.4700000000e+04 2.4582358122e+00
2.4800000000e+04 2.7279375015e+00
2.4900000000e+04 2.1981508251e+00
2.5000000000e+04 5.3061759400e+00
2.5100000000e+04 3.2035663626e+00
2.5200000000e+04 1.2161744883e+01
2.5300000000e+04 8.9458766711e+00
2.5400000000e+04 1.1639777658e+01
2.5500000000e+04 2.1623148472e+01
2.5600000000e+04 1.9261215316e+01
2.5700000000e+04 8.7232890979e+00
2.5800000000e+04 7.2007649565e+00
2.5900000000e+04 1.8016364374e+01
2.6000000000e+04 6.7949049486e+00
2.6100000000e+04 1.1049513740e+01
2.6200000000e+04 1.1504944977e+01
2.6300000000e+04 1.8206319248e+01
2.6400000000e+04 2.1233989312e+01
2.6500000000e+04 1.9651829357e+01
2.6600000000e+04 1.3988430181e+01
2.6700000000e+04 6.8693330963e+00
2.6800000000e+04 1.3305121236e+01
2.6900000000e+04 1.0992673590e+01
2.7000000000e+04 1.5472595761e+01
2.7100000000e+04 2.4071026030e+01
2.7200000000e+04 2.0015725578e+01
2.7300000000e+04 2.0622150498e+01
2.7400000000e+04 1.8066527273e+01
2.7500000000e+04 2.2818631320e+01
2.7600000000e+04 2.5997358705e+01
2.7700000000e+04 1.9749784751e+01
2.7800000000e+04 1.1874837516e+01
2.7900000000e+04 5.6397048138e+00
2.8000000000e+04 1.5459115290e+01
2.8100000000e+04 1.2430606668e+01
2.8200000000e+04 2.1083413424e+01
2.8300000000e+04 1.1966993820e+01
2.8400000000e+04 1.3047801207e+01
2.8500000000e+04 7.9008021499e+00
2.8600000000e+04 1.2108203319e+01
2.8700000000e+04 7.3770498524e+00
2.8800000000e+04 1.0204202559e+01
2.8900000000e+04 1.2577140635e+01
2.9000000000e+04 1.9827961280e+01
2.9100000000e+04 2.1693253166e+01
2.9200000000e+04 1.9414267918e+01
2.9300000000e+04 2.2480113696e+01
2.9400000000e+04 8.8095204655e+00
2.9500000000e+04 6.5466161576e+00
2.9600000000e+04 9.3841943286e+00
2.9700000000e+04 4.2211035125e+00
2.9800000000e+04 1.5338847285e+01
2.9900000000e+04 1.9251308296e+01
3.0000000000e+04 1.8048759632e+01
3.0100000000e+04 1.0633790318e+01
3.0200000000e+04 1.4939556946e+01
3.0300000000e+04 1.6611883677e+01
3.0400000000e+04 2.1830935992e+01
3.0500000000e+04 1.5271165927e+01
3.0600000000e+04 7.1282187555e+00
3.0700000000e+04 1.9598317975e+01
3.0800000000e+04 6.5869106213e+00
3.0900000000e+04 7.1419785711e+00
3.1000000000e+04 2.8744443622e+00
3.1100000000e+04 3.9370852623e+00
3.1200000000e+04 4.4131259671e+00
3.1300000000e+04 7.6280970402e+00
3.1400000000e+04 5.1693649283e+00
3.1500000000e+04 2.3577682158e+00
3.1600000000e+04 2.2047159124e+00
3.1700000000e+04 1.5369574060e+00
3.1800000000e+04 1.3819751932e+00
3.1900000000e+04 1.7764468605e+00
3.2000000000e+04 3.4145794934e+00
3.2100000000e+04 4.0512738124e+00
3.2200000000e+04 9.9520392126e+00
3.2300000000e+04 9.6573695716e-01
3.2400000000e+04 3.8038638498e+00
3.2500000000e+04 3.7036993850e+00
3.2600000000e+04 7.1840486223e+00
3.2700000000e+04 3.7116885911e+00
3.2800000000e+04 5.1955934670e+00
3.2900000000e+04 2.4610711915e+00
3.3000000000e+04 5.8858568445e+00
3.3100000000e+04 5.2631471086e+00
3.3200000000e+04 4.4065769790e+00
3.3300000000e+04 3.8856465632e+00
3.3400000000e+04 1.2398211115e+00
3.3500000000e+04 2.4651654904e+00
3.3600000000e+04 5.1403386633e+00
3.3700000000e+04 1.0280081225e+01
3.3800000000e+04 1.0277878280e+01
3.3900000000e+04 9.4691186692e+00
3.4000000000e+04 1.0408072035e+01
3.4100000000e+04 8.6003088488e+00
3.4200000000e+04 7.5447571271e+00
3.4300000000e+04 1.4103321718e+01
3.4400000000e+04 2.2077299177e+01
3.4500000000e+04 2.0027147520e+01
3.4600000000e+04 2.3518257075e+01
3.4700000000e+04 9.3919364332e+00
3.4800000000e+04 7.5740547312e+00
3.4900000000e+04 4.8290115643e+00
3.5000000000e+04 7.2133075345e+00
3.5100000000e+04 1.5740756284e+01
3.5200000000e+04 2.3096738608e+01
3.5300000000e+04 1.8134007679e+01
3.5400000000e+04 1.4832149076e+01
3.5500000000e+04 2.3903326133e+01
3.5600000000e+04 2.4699895509e+01
3.5700000000e+04 2.2357052766e+01
3.5800000000e+04 2.2565916367e+01
3.5900000000e+04 2.9941580249e+01
3.6000000000e+04 2.7174316172e+01
3.6100000000e+04 2.7257641647e+01
3.6200000000e+04 2.1146410071e+01
3.6300000000e+04 3.1157841170e+01
3.6400000000e+04 2.1888597271e+01
3.6500000000e+04 1.7753206362e+01
3.6600000000e+04 3.3041589259e+01
3.6700000000e+04 1.9073661118e+01
3.6800000000e+04 1.9794846519e+01
3.6900000000e+04 1.1883075105e+01
3.7000000000e+04 8.6712015943e+00
3.7100000000e+04 1.8498389763e+01
3.7200000000e+04 1.2935203460e+01
3.7300000000e+04 2.6148683502e+01
3.7400000000e+04 2.7827889619e+01
3.7500000000e+04 2.0771251074e+01
3.7600000000e+04 2.2994126236e+01
3.7700000000e+04 2.1551240176e+01
3.7800000000e+04 2.6257598620e+01
3.7900000000e+04 3.3687752965e+01
3.8000000000e+04 3.5722449729e+01
3.8100000000e+04 2.1352642890e+01
3.8200000000e+04 3.9173818017e+01
3.8300000000e+04 3.4059305123e+01
3.8400000000e+04 3.5188533332e+01
3.8500000000e+04 2.9419690347e+01
3.8600000000e+04 3.6584075049e+01
3.8700000000e+04 3.8864423283e+01
3.8800000000e+04 3.1059177017e+01
3.8900000000e+04 3.5169782837e+01
3.9000000000e+04 3.1097490046e+01
3.9100000000e+04 2.4701669907e+01
3.9200000000e+04 2.8251721907e+01
3.9300000000e+04 3.2766395516e+01
3.9400000000e+04 3.5266759428e+01
3.9500000000e+04 4.3852069547e+01
3.9600000000e+04 5.2749304120e+01
3.9700000000e+04 4.6884145966e+01
3.9800000000e+04 3.8403621350e+01
3.9900000000e+04 3.6767297688e+01
4.0000000000e+04 3.4119805242e+01
4.0100000000e+04 4.3210853421e+01
4.0200000000e+04 3.9174580139e+01
4.0300000000e+04 3.3095671893e+01
4.0400000000e+04 3.6298671147e+01
4.0500000000e+04 4.1681235048e+01
4.0600000000e+04 3.0006774288e+01
4.0700000000e+04 3.5234545004e+01
4.0800000000e+04 3.1169571984e+01
4.0900000000e+04 3.9949317774e+01
4.1000000000e+04 3.0457727581e+01
4.1100000000e+04 2.7632410811e+01
4.1200000000e+04 4.0972663253e+01
4.1300000000e+04 4.2306265845e+01
4.1400000000e+04 2.9317026169e+01
4.1500000000e+04 2.3376074374e+01
4.1600000000e+04 3.7695049591e+01
4.1700000000e+04 5.1714464359e+01
4.1800000000e+04 4.0169359827e+01
4.1900000000e+04 2.6806330357e+01
4.2000000000e+04 3.2551203235e+01
4.2100000000e+04 3.6418478264e+01
4.2200000000e+04 2.4645950303e+01
4.2300000000e+04 2.2633714459e+01
4.2400000000e+04 1.6369098635e+01
4.2500000000e+04 2.6318160942e+01
4.2600000000e+04 2.6055271535e+01
4.2700000000e+04 2.7993410450e+01
4.2800000000e+04 3.1068028106e+01
4.2900000000e+04 2.4202197860e+01
4.3000000000e+04 2.6077487699e+01
4.3100000000e+04 2.7843648705e+01
4.3200000000e+04 2.5899610659e+01
4.3300000000e+04 1.7216182195e+01
4.3400000000e+04 3.1580514186e+01
4.3500000000e+04 2.6192070870e+01
4.3600000000e+04 3.8232923859e+01
4.3700000000e+04 4.6114324598e+01
4.3800000000e+04 4.6683826968e+01
4.3900000000e+04 4.2694133786e+01
4.4000000000e+04 5.0340700669e+01
4.4100000000e+04 4.2760023085e+01
4.4200000000e+04 4.0133132274e+01
4.4300000000e+04 4.1580585770e+01
4.4400000000e+04 3.7018138839e+01
4.4500000000e+04 5.6590637771e+01
4.4600000000e+04 5.0973507013e+01
4.4700000000e+04 4.8522656549e+01
4.4800000000e+04 4.6996621098e+01
4.4900000000e+04 4.8086168624e+01
4.5000000000e+04 6.0401820804e+01
4.5100000000e+04 5.1874873498e+01
4.5200000000e+04 5.6168876247e+01
4.5300000000e+04 5.9702895646e+01
4.5400000000e+04 6.0501551614e+01
4.5500000000e+04 5.3595501882e+01
4.5600000000e+04 5.9563443874e+01
4.5700000000e+04 6.3939399294e+01
4.5800000000e+04 8.2813347410e+01
4.5900000000e+04 5.2527526529e+01
4.6000000000e+04 5.2636773707e+01
4.6100000000e+04 7.1789398169e+01
4.6200000000e+04 6.8373447601e+01
4.6300000000e+04 4.7725627504e+01
4.6400000000e+04 7.4662802257e+01
4.6500000000e+04 1.0606624879e+02
4.6600000000e+04 8.1848367213e+01
4.6700000000e+04 6.5837416816e+01
4.6800000000e+04 4.9073013800e+01
4.6900000000e+04 5.2614139683e+01
4.7000000000e+04 6.8912486207e+01
4.7100000000e+04 5.6481677464e+01
4.7200000000e+04 5.5670441080e+01
4.7300000000e+04 6.2677198841e+01
4.7400000000e+04 5.1662407727e+01
4.7500000000e+04 7.3145255072e+01
4.7600000000e+04 5.2617294896e+01
4.7700000000e+04 4.9966664843e+01
4.7800000000e+04 5.7956604222e+01
4.7900000000e+04 7.1695099910e+01
4.8000000000e+04 7.4467560539e+01
4.8100000000e+04 4.7683496400e+01
4.8200000000e+04 1.1105169076e+02
4.8300000000e+04 8.5178400464e+01
4.8400000000e+04 1.1717000484e+02
4.8500000000e+04 1.2120550005e+02
4.8600000000e+04 1.2059164690e+02
4.8700000000e+04 1.4370883254e+02
4.8800000000e+04 1.5577630129e+02
4.8900000000e+04 1.0524082656e+02
4.9000000000e+04 1.4345231198e+02
4.9100000000e+04 1.3545357482e+02
4.9200000000e+04 1.9743757669e+02
4.9300000000e+04 2.9301407441e+02
4.9400000000e+04 1.9071032964e+02
4.9500000000e+04 4.8616381017e+02
4.9600000000e+04 1.3423231383e+03
4.9700000000e+04 5.7335689988e+02
4.9800000000e+04 4.8907757166e+02
4.9900000000e+04 2.7720166790e+02
5.0000000000e+04 2.9106767123e+02
5.0100000000e+04 2.1703180636e+02
5.0200000000e+04 2.5701229435e+02
5.0300000000e+04 3.0624463579e+02
5.0400000000e+04 1.4240018723e+02
5.0500000000e+04 2.2866812465e+02
5.0600000000e+04 1.4263010656e+02
5.0700000000e+04 1.3917399197e+02
5.0800000000e+04 1.1959206391e+02
5.0900000000e+04 1.2709064371e+02
5.1000000000e+04 1.1049115242e+02
5.1100000000e+04 1.1342417095e+02
5.1200000000e+04 1.2669355610e+02
5.1300000000e+04 8.4893129346e+01
5.1400000000e+04 7.6426906601e+01
5.1500000000e+04 9.1949001919e+01
5.1600000000e+04 6.5506957953e+01
5.1700000000e+04 6.0857981866e+01
5.1800000000e+04 6.2133293872e+01
5.1900000000e+04 5.7208091370e+01
5.2000000000e+04 7.8606671489e+01
5.2100000000e+04 6.6934672834e+01
5.2200000000e+04 6.6596600463e+01
5.2300000000e+04 7.5143762519e+01
5.2400000000e+04 5.6090951855e+01
5.2500000000e+04 8.2772022264e+01
5.2600000000e+04 8.9099992229e+01
5.2700000000e+04 5.6981701942e+01
5.2800000000e+04 8.5703564384e+01
5.2900000000e+04 9.6201654726e+01
5.3000000000e+04 5.4460802164e+01
5.3100000000e+04 5.0243228604e+01
5.3200000000e+04 9.6401329048e+01
5.3300000000e+04 7.8392481016e+01
5.3400000000e+04 6.9725592630e+01
5.3500000000e+04 7.1622404793e+01
5.3600000000e+04 8.7162978015e+01
5.3700000000e+04 6.3228475698e+01
5.3800000000e+04 5.1344985974e+01
5.3900000000e+04 7.3754321573e+01
5.4000000000e+04 9.4730036240e+01
5.4100000000e+04 1.1528092437e+02
5.4200000000e+04 8.4307899622e+01
5.4300000000e+04 4.9109166416e+01
5.4400000000e+04 8.7107404772e+01
5.4500000000e+04 6.7795786447e+01
5.4600000000e+04 5.3165963691e+01
5.4700000000e+04 5.2512270946e+01
5.4800000000e+04 4.6170955551e+01
5.4900000000e+04 4.8883110862e+01
5.5000000000e+04 4.4300432035e+01
5.5100000000e+04 4.4890240089e+01
5.5200000000e+04 5.7878252652e+01
5.5300000000e+04 5.8308130890e+01
5.5400000000e+04 5.4218128856e+01
5.5500000000e+04 5.2349471398e+01
5.5600000000e+04 4.4486634969e+01
5.5700000000e+04 3.6682330525e+01
5.5800000000e+04 3.6102542998e+01
5.5900000000e+04 2.2426360475e+01
5.6000000000e+04 2.7774773061e+01
5.6100000000e+04 3.1057413849e+01
5.6200000000e+04 3.3953252413e+01
5.6300000000e+04 2.8452370270e+01
5.6400000000e+04 3.0251655106e+01
5.6500000000e+04 2.9052821788e+01
5.6600000000e+04 2.8209053766e+01
5.6700000000e+04 3.1551133951e+01
5.6800000000e+04 1.9114788458e+01
5.6900000000e+04 2.0129974215e+01
5.7000000000e+04 2.2528013528e+01
5.7100000000e+04 4.0467511969e+01
5.7200000000e+04 2.6620663373e+01
5.7300000000e+04 2.6094439740e+01
5.7400000000e+04 3.5289458165e+01
5.7500000000e+04 4.9409023039e+01
5.7600000000e+04 4.1092777345e+01
5.7700000000e+04 2.5960814212e+01
5.7800000000e+04 2.8678079044e+01
5.7900000000e+04 4.6535133155e+01
5.8000000000e+04 4.3770611499e+01
5.8100000000e+04 3.4353979130e+01
5.8200000000e+04 3.5646166941e+01
5.8300000000e+04 3.5701481980e+01
5.8400000000e+04 3.2683237861e+01
5.8500000000e+04 3.4728398990e+01
5.8600000000e+04 2.9314256841e+01
5.8700000000e+04 4.6503264651e+01
5.8800000000e+04 3.2279047489e+01
5.8900000000e+04 3.3093563070e+01
5.9000000000e+04 3.9793907749e+01
5.9100000000e+04 4.4266298008e+01
5.9200000000e+04 3.5183302716e+01
5.9300000000e+04 3.5519589301e+01
5.9400000000e+04 4.0386694389e+01
5.9500000000e+04 4.7301070277e+01
5.9600000000e+04 5.5650789505e+01
5.9700000000e+04 5.9522493644e+01
5.9800000000e+04 4.2482012273e+01
5.9900000000e+04 3.6430926305e+01
6.0000000000e+04 3.2525448994e+01
6.0100000000e+04 2.6597319080e+01
6.0200000000e+04 3.6140773662e+01
6.0300000000e+04 3.0376074534e+01
6.0400000000e+04 3.6069282427e+01
6.0500000000e+04 3.6830999103e+01
6.0600000000e+04 3.8315995493e+01
6.0700000000e+04 3.3592310205e+01
6.0800000000e+04 3.1405173070e+01
6.0900000000e+04 4.1663814459e+01
6.1000000000e+04 4.2260155794e+01
6.1100000000e+04 2.1930099073e+01
6.1200000000e+04 4.6912101424e+01
6.1300000000e+04 3.2523202844e+01
6.1400000000e+04 3.5059094610e+01
6.1500000000e+04 3.0411204981e+01
6.1600000000e+04 2.4260779121e+01
6.1700000000e+04 2.2228359594e+01
6.1800000000e+04 3.2611249648e+01
6.1900000000e+04 3.0334997067e+01
6.2000000000e+04 2.3698209337e+01
6.2100000000e+04 2.3078245610e+01
6.2200000000e+04 7.4453656904e+00
6.2300000000e+04 2.0596119838e+01
6.2400000000e+04 1.1349182121e+01
6.2500000000e+04 2.3783393922e+01
6.2600000000e+04 2.8186918987e+01
6.2700000000e+04 1.5701142858e+01
6.2800000000e+04 2.4062190035e+01
6.2900000000e+04 2.5413322831e+01
6.3000000000e+04 2.2547763719e+01
6.3100000000e+04 2.5252409743e+01
6.3200000000e+04 3.1054534287e+01
6.3300000000e+04 3.6743706640e+01
6.3400000000e+04 2.2213690052e+01
6.3500000000e+04 2.7588717717e+01
6.3600000000e+04 3.0963528143e+01
6.3700000000e+04 2.9258295639e+01
6.3800000000e+04 2.3322845591e+01
6.3900000000e+04 2.2186385547e+01
6.4000000000e+04 2.5131640063e+01
6.4100000000e+04 2.2189121341e+01
6.4200000000e+04 1.7783999435e+01
6.4300000000e+04 7.5391632516e+00
6.4400000000e+04 6.3649588258e+00
6.4500000000e+04 9.7043055179e+00
6.4600000000e+04 2.3042511868e+01
6.4700000000e+04 2.0943110080e+01
6.4800000000e+04 2.5191364423e+01
6.4900000000e+04 1.5915344693e+01
6.5000000000e+04 1.4251445324e+01
6.5100000000e+04 1.1026389590e+01
6.5200000000e+04 1.5269341430e+01
6.5300000000e+04 1.7878974366e+01
6.5400000000e+04 1.5849438831e+01
6.5500000000e+04 1.6137047736e+01
6.5600000000e+04 1.3812422501e+01
6.5700000000e+04 3.4683208836e+00
6.5800000000e+04 2.3283292515e+00
6.5900000000e+04 4.0235039069e+00
6.6000000000e+04 3.4657795869e+00
6.6100000000e+04 7.0613385694e+00
6.6200000000e+04 1.0489189986e+01
6.6300000000e+04 2.4268920066e+00
6.6400000000e+04 4.5971012293e+00
6.6500000000e+04 2.7584733437e+00
6.6600000000e+04 7.8378965538e+00
6.6700000000e+04 6.1514614935e+00
6.6800000000e+04 5.2382583809e+00
6.6900000000e+04 1.3681728865e+00
6.7000000000e+04 9.3451440436e+00
6.7100000000e+04 4.0339297803e+00
6.7200000000e+04 5.8457111612e+00
6.7300000000e+04 1.9354058381e+00
6.7400000000e+04 1.5929403563e+00
6.7500000000e+04 1.6286527642e+00
6.7600000000e+04 1.6105663572e+00
6.7700000000e+04 3.0700266968e+00
6.7800000000e+04 2.8631269101e+00
6.7900000000e+04 6.9710624976e+00
6.8000000000e+04 3.7368940368e+00
6.8100000000e+04 3.3349431861e+00
6.8200000000e+04 2.2866422111e+00
6.8300000000e+04 3.0410399455e+00
6.8400000000e+04 3.6314564300e+00
6.8500000000e+04 1.5702664314e+01
6.8600000000e+04 5.1887052137e+00
6.8700000000e+04 1.1239241174e+01
6.8800000000e+04 1.2841865101e+01
6.8900000000e+04 1.9022104555e+01
6.9000000000e+04 1.7433350840e+01
6.9100000000e+04 9.3677880289e+00
6.9200000000e+04 1.5963981795e+01
6.9300000000e+04 1.3975671257e+01
6.9400000000e+04 1.8477609753e+01
6.9500000000e+04 5.2233254249e+00
6.9600000000e+04 1.0410545374e+01
6.9700000000e+04 4.3892708915e+00
6.9800000000e+04 9.4609493926e+00
6.9900000000e+04 1.7526698460e+01
7.0000000000e+04 2.1062035570e+01
7.0100000000e+04 1.8567547681e+01
7.0200000000e+04 1.8561381781e+01
7.0300000000e+04 1.5491576502e+01
7.0400000000e+04 7.3475347757e+00
7.0500000000e+04 1.0368869135e+01
7.0600000000e+04 1.2405371129e+01
7.0700000000e+04 9.8824123573e+00
7.0800000000e+04 1.6525649850e+01
7.0900000000e+04 1.0814394551e+01
7.1000000000e+04 1.6344905435e+01
7.1100000000e+04 1.4796439006e+01
7.1200000000e+04 1.3350056509e+01
7.1300000000e+04 6.2260273744e+00
7.1400000000e+04 6.4937078997e+00
7.1500000000e+04 1.2050881124e+01
7.1600000000e+04 2.8191970778e+01
7.1700000000e+04 2.3290770202e+01
7.1800000000e+04 2.1454009881e+01
7.1900000000e+04 1.5748242091e+01
7.2000000000e+04 1.7967266991e+01
7.2100000000e+04 2.5045107624e+01
7.2200000000e+04 1.4188070070e+01
7.2300000000e+04 1.9483383380e+01
7.2400000000e+04 1.4113485140e+01
7.2500000000e+04 1.1825778578e+01
7.2600000000e+04 1.1184480949e+01
7.2700000000e+04 2.0920250246e+01
7.2800000000e+04 2.4460341581e+01
7.2900000000e+04 1.7563233447e+01
7.3000000000e+04 1.8992954201e+01
7.3100000000e+04 9.6345918718e+00
7.3200000000e+04 8.1698451930e+00
7.3300000000e+04 1.9152831449e+01
7.3400000000e+04 8.0274005888e+00
7.3500000000e+04 1.1369049907e+01
7.3600000000e+04 2.1954327706e+01
7.3700000000e+04 2.4064612440e+01
7.3800000000e+04 1.7351214904e+01
7.3900000000e+04 1.8664562832e+01
7.4000000000e+04 1.6548492362e+01
7.4100000000e+04 5.0563026301e+00
7.4200000000e+04 7.3029044638e+00
7.4300000000e+04 2.8876802770e+00
7.4400000000e+04 4.3449687147e+00
7.4500000000e+04 2.4309460085e+00
7.4600000000e+04 6.5996499707e+00
7.4700000000e+04 1.1117479324e+01
7.4800000000e+04 1.3038369181e+01
7.4900000000e+04 1.4877361521e+01
7.5000000000e+04 3.4656353356e+00
7.5100000000e+04 3.5114330568e+00
7.5200000000e+04 2.2813299841e+00
7.5300000000e+04 1.1368632266e+00
7.5400000000e+04 9.2757874051e-01
7.5500000000e+04 1.2328597014e+00
7.5600000000e+04 1.5746851216e+00
7.5700000000e+04 1.4629090257e+00
7.5800000000e+04 3.4084821449e+00
7.5900000000e+04 2.1222443174e+00
7.6000000000e+04 1.6909815583e+00
7.6100000000e+04 2.2561170750e+00
7.6200000000e+04 1.3766276362e+01
7.6300000000e+04 1.0509927250e+01
7.6400000000e+04 2.0258717273e+00
7.6500000000e+04 2.9927857580e+00
7.6600000000e+04 3.1826786909e+00
7.6700000000e+04 3.1549946063e+00
7.6800000000e+04 1.5111271692e+00
7.6900000000e+04 9.0135277745e-01
7.7000000000e+04 1.1293907148e+00
7.7100000000e+04 1.9022566970e+00
7.7200000000e+04 3.5866435994e+00
7.7300000000e+04 3.6255890801e+00
7.7400000000e+04 2.0965709763e+00
7.7500000000e+04 2.6052240827e+00
7.7600000000e+04 2.0182406486e+00
7.7700000000e+04 4.8934060181e+00
7.7800000000e+04 2.2162361427e+00
7.7900000000e+04 7.1205726934e+00
7.8000000000e+04 5.4840585338e+00
7.8100000000e+04 7.0196264705e+00
7.8200000000e+04 5.1032062199e+00
7.8300000000e+04 1.0777840480e+01
7.8400000000e+04 5.3477740628e+00
7.8500000000e+04 3.8578747052e+00
7.8600000000e+04 6.2756436783e+00
7.8700000000e+04 5.3686422615e+00
7.8800000000e+04 1.9519964880e+00
7.8900000000e+04 8.6267497133e+00
7.9000000000e+04 1.1106338300e+01
7.9100000000e+04 6.0283131421e+00
7.9200000000e+04 1.8381426612e+01
7.9300000000e+04 1.5739264764e+01
7.9400000000e+04 1.0592321547e+01
7.9500000000e+04 5.3942185735e+00
7.9600000000e+04 1.0155098257e+01
7.9700000000e+04 1.8000779724e+01
7.9800000000e+04 5.5573023086e+00
7.9900000000e+04 9.8304861100e+00
8.0000000000e+04 9.1920647533e+00
8.0100000000e+04 1.0507813571e+01
8.0200000000e+04 2.3909117474e+00
8.0300000000e+04 3.9412247240e+00
8.0400000000e+04 5.0549737435e-01
8.0500000000e+04 1.8697270219e-01
8.0600000000e+04 4.2966872735e-01
8.0700000000e+04 7.8183130942e-01
8.0800000000e+04 2.5634732075e-01
8.0900000000e+04 1.2964966211e-01
8.1000000000e+04 1.1337296942e+00
8.1100000000e+04 1.1155680590e+00
8.1200000000e+04 1.4968600460e-01
8.1300000000e+04 2.4216364210e+00
8.1400000000e+04 2.2651443397e+00
8.1500000000e+04 2.2349172665e+00
8.1600000000e+04 1.9546796521e+00
8.1700000000e+04 2.3321126841e+00
8.1800000000e+04 1.0694006140e+00
8.1900000000e+04 1.3479916001e+00
8.2000000000e+04 3.2174043881e+00
8.2100000000e+04 1.2145476139e+00
8.2200000000e+04 9.4124597336e+00
8.2300000000e+04 1.1129200158e+01
8.2400000000e+04 8.4686231227e+00
8.2500000000e+04 5.1135684251e+00
8.2600000000e+04 1.2244625872e+01
8.2700000000e+04 1.4840512385e+01
8.2800000000e+04 1.0210229286e+01
8.2900000000e+04 1.8123941967e+01
8.3000000000e+04 1.1863200617e+01
8.3100000000e+04 1.4437313312e+01
8.3200000000e+04 8.9045192222e+00
8.3300000000e+04 1.3616271639e+01
8.3400000000e+04 1.2531676375e+01
8.3500000000e+04 1.1908085088e+01
8.3600000000e+04 7.1620553392e+00
8.3700000000e+04 3.2315830637e+00
8.3800000000e+04 5.4823227549e+00
8.3900000000e+04 7.8611342947e+00
8.4000000000e+04 7.3693802458e+00
8.4100000000e+04 2.0601307443e+01
8.4200000000e+04 2.2330835008e+01
8.4300000000e+04 8.8778981138e+00
8.4400000000e+04 7.1288015449e+00
8.4500000000e+04 7.1965243254e+00
8.4600000000e+04 5.7718150960e+00
8.4700000000e+04 9.5000534765e+00
8.4800000000e+04 1.6578648043e+00
8.4900000000e+04 2.1044332733e+00
8.5000000000e+04 4.9726826739e+00
8.5100000000e+04 2.7869528368e+00
8.5200000000e+04 1.6246964748e+00
8.5300000000e+04 2.9887449372e+00
8.5400000000e+04 3.9009353947e+00
8.5500000000e+04 2.1408381793e+00
8.5600000000e+04 1.7944663326e+00
8.5700000000e+04 1.7061915328e+00
8.5800000000e+04 2.4826516283e+00
8.5900000000e+04 2.8197208528e+00
8.6000000000e+04 1.4442846779e+01
8.6100000000e+04 1.8104027012e+00
8.6200000000e+04 7.2742251697e-01
8.6300000000e+04 2.0080472123e+00
8.6400000000e+04 2.8124121902e+00
8.6500000000e+04 3.7434371847e+00
8.6600000000e+04 3.1883313290e+00
8.6700000000e+04 1.2684841787e+01
8.6800000000e+04 7.3524699129e+00
8.6900000000e+04 2.4514161605e+00
8.7000000000e+04 2.8746645921e+00
8.7100000000e+04 1.5569654249e+00
8.7200000000e+04 2.4615645229e+00
8.7300000000e+04 2.5970337482e+00
8.7400000000e+04 1.5618971457e+01
8.7500000000e+04 5.0766489867e+00
8.7600000000e+04 1.0855452042e+01
8.7700000000e+04 1.4351911344e+01
8.7800000000e+04 1.9989849261e+00
8.7900000000e+04 4.6471606786e+00
8.8000000000e+04 1.9384406595e+00
8.8100000000e+04 7.9344466937e-01
8.8200000000e+04 3.2640419847e-01
8.8300000000e+04 1.0645943930e+00
8.8400000000e+04 1.5539102405e+00
8.8500000000e+04 5.6853609294e-01
8.8600000000e+04 1.2169130854e+00
8.8700000000e+04 4.7830889474e-01
8.8800000000e+04 2.1470175967e-01
8.8900000000e+04 9.1549884127e-02
8.9000000000e+04 5.8531863376e-01
8.9100000000e+04 1.6880700532e-01
8.9200000000e+04 9.7260278303e-01
8.9300000000e+04 4.5316362754e-01
8.9400000000e+04 2.0065510173e-01
8.9500000000e+04 3.6645678989e-02
8.9600000000e+04 2.8896569687e-01
8.9700000000e+04 5.9264871505e-01
8.9800000000e+04 1.8313976468e+00
8.9900000000e+04 7.0518729819e+00
9.0000000000e+04 4.5546660787e+00
9.0100000000e+04 1.7923562750e+00
9.0200000000e+04 4.6865447556e+00
9.0300000000e+04 9.2433593293e+00
9.0400000000e+04 4.4594583275e+00
9.0500000000e+04 3.2760934503e+00
9.0600000000e+04 1.9742672355e+00
9.0700000000e+04 1.6457887564e+00
9.0800000000e+04 5.2433272480e+00
9.0900000000e+04 6.2961642227e+00
9.1000000000e+04 2.7170677800e+00
9.1100000000e+04 3.4706319467e+00
9.1200000000e+04 2.7858584842e+00
9.1300000000e+04 7.8489209973e+00
9.1400000000e+04 4.9909399267e+00
9.1500000000e+04 8.5079978213e+00
9.1600000000e+04 1.6762818492e+01
9.1700000000e+04 1.2450343953e+00
9.1800000000e+04 9.1458037494e-01
9.1900000000e+04 6.2055697117e+00
9.2000000000e+04 5.1715291453e+00
9.2100000000e+04 1.2016211597e+00
9.2200000000e+04 2.7994860150e+00
9.2300000000e+04 6.2574626070e-01
9.2400000000e+04 4.1511473370e-01
9.2500000000e+04 5.4047609442e-01
9.2600000000e+04 3.5768810670e-01
9.2700000000e+04 2.3659283431e+00
9.2800000000e+04 8.8353220023e-01
9.2900000000e+04 5.5191756681e+00
9.3000000000e+04 1.1730928863e+01
9.3100000000e+04 4.8695026004e+00
9.3200000000e+04 9.8388399430e+00
9.3300000000e+04 1.8312976329e+01
9.3400000000e+04 1.1933801695e+01
9.3500000000e+04 2.3331860998e+01
9.3600000000e+04 2.0275658691e+01
9.3700000000e+04 1.5293659405e+01
9.3800000000e+04 5.4152654912e+00
9.3900000000e+04 2.5141986125e+00
9.4000000000e+04 2.0281446733e+00
9.4100000000e+04 2.5660246601e+00
9.4200000000e+04 6.9754317506e+00
9.4300000000e+04 1.5740938000e+01
9.4400000000e+04 3.0280414310e+00
9.4500000000e+04 1.4178632460e+00
9.4600000000e+04 3.4283107243e+00
9.4700000000e+04 5.0242661216e+00
9.4800000000e+04 1.2775413070e+00
9.4900000000e+04 7.2770833932e+00
9.5000000000e+04 4.7741460423e+00
9.5100000000e+04 8.9160320954e+00
9.5200000000e+04 1.0011038736e+01
9.5300000000e+04 2.0882062771e+01
9.5400000000e+04 2.3190527038e+00
9.5500000000e+04 3.5375051845e+00
9.5600000000e+04 5.8140158958e+00
9.5700000000e+04 6.1456094871e+00
9.5800000000e+04 1.0646953397e+01
9.5900000000e+04 3.1561798773e+00
9.6000000000e+04 1.8441720496e+00
9.6100000000e+04 1.1931565748e+00
9.6200000000e+04 4.7501201056e+00
9.6300000000e+04 3.2922262179e+00
9.6400000000e+04 5.1771220582e+00
9.6500000000e+04 2.8744393422e+00
9.6600000000e+04 8.6460745322e+00
9.6700000000e+04 3.4155965886e+00
9.6800000000e+04 3.9757946818e+00
9.6900000000e+04 3.6979588816e+00
9.7000000000e+04 1.6365690213e+00
9.7100000000e+04 1.2938965592e+00
9.7200000000e+04 1.7455982065e+00
9.7300000000e+04 3.1690984130e+00
9.7400000000e+04 2.1837066274e+00
9.7500000000e+04 3.1814113377e+00
9.7600000000e+04 8.3292483530e+00
9.7700000000e+04 9.4248995883e+00
9.7800000000e+04 1.4433124275e+01
9.7900000000e+04 1.7956575917e+01
9.8000000000e+04 1.2564195422e+01
9.8100000000e+04 3.7422973106e+00
9.8200000000e+04 2.5888152589e+00
9.8300000000e+04 5.9099024759e+00
9.8400000000e+04 2.0924661328e+01
9.8500000000e+04 6.5881837133e+00
9.8600000000e+04 6.7588675568e+00
9.8700000000e+04 5.4699433153e+00
9.8800000000e+04 3.1224790990e+00
9.8900000000e+04 5.3242384420e-01
9.9000000000e+04 1.8042874756e+00
9.9100000000e+04 1.7900664541e+00
9.9200000000e+04 8.1033091547e-01
9.9300000000e+04 6.6738082080e-02
9.9400000000e+04 1.9672685146e+00
9.9500000000e+04 1.8616969249e+00
9.9600000000e+04 8.9916604310e-01
9.9700000000e+04 1.6583243294e+00
9.9800000000e+04 2.1754373715e+00
9.9900000000e+04 1.3475321631e+01
1.0000000000e+05 2.2075813713e+00
1.0010000000e+05 6.9265111519e-01
1.0020000000e+05 3.2866283815e+00
1.0030000000e+05 4.9803324481e+00
1.0040000000e+05 1.1483386308e+01
1.0050000000e+05 5.3269481406e+00
1.0060000000e+05 2.7186988173e+00
1.0070000000e+05 2.5852960260e+00
1.0080000000e+05 2.2538095728e+00
1.0090000000e+05 6.5008614764e+00
1.0100000000e+05 1.7920975467e+01
1.0110000000e+05 7.9763850795e+00
1.0120000000e+05 1.3148828131e+00
1.0130000000e+05 1.6170847573e+01
1.0140000000e+05 8.3778502058e+00
1.0150000000e+05 1.0671181913e+01
1.0160000000e+05 2.1920283059e+01
1.0170000000e+05 8.5324900200e+00
1.0180000000e+05 5.2282612510e+00
1.0190000000e+05 5.9862333338e+00
1.0200000000e+05 7.3305637721e+00
1.0210000000e+05 2.3158129727e+01
1.0220000000e+05 3.0495110689e+00
1.0230000000e+05 9.7454298334e-01
1.0240000000e+05 4.2337198942e+00
1.0250000000e+05 1.0823025468e+00
1.0260000000e+05 4.6042371570e-01
1.0270000000e+05 6.7137846162e-01
1.0280000000e+05 2.2537989302e-01
1.0290000000e+05 5.8575351142e-01
1.0300000000e+05 2.1787759230e+00
1.0310000000e+05 9.7611266016e-01
1.0320000000e+05 1.6908095880e+00
1.0330000000e+05 1.8346042585e+00
1.0340000000e+05 2.7049287295e+00
1.0350000000e+05 9.0374444241e-01
1.0360000000e+05 3.7800418893e+00
1.0370000000e+05 8.9457650489e-01
1.0380000000e+05 1.0295757405e-01
1.0390000000e+05 9.5176163286e-01
1.0400000000e+05 2.8419332024e-01
1.0410000000e+05 1.7983786265e+00
1.0420000000e+05 3.5134340840e+00
1.0430000000e+05 1.3915192436e+01
1.0440000000e+05 5.1089456741e+00
1.0450000000e+05 1.7840158669e+00
1.0460000000e+05 4.3871136746e-01
1.0470000000e+05 1.0143155534e+00
1.0480000000e+05 3.7538981416e+00
1.0490000000e+05 3.3977848446e+00
1.0500000000e+05 1.2601254517e+00
1.0510000000e+05 3.2120348756e+00
1.0520000000e+05 1.7596150565e+00
1.0530000000e+05 3.9337445849e-01
1.0540000000e+05 7.6859449634e-01
1.0550000000e+05 4.8550205783e+00
1.0560000000e+05 5.1366474604e+00
1.0570000000e+05 4.4759925050e+00
1.0580000000e+05 3.7215288100e+00
1.0590000000e+05 3.2049349957e+00
1.0600000000e+05 6.5172590194e+00
1.0610000000e+05 3.4193388393e+00
1.0620000000e+05 9.7199445227e-01
1.0630000000e+05 5.5261881775e+00
1.0640000000e+05 1.2875592313e+01
1.0650000000e+05 2.4250508479e+00
1.0660000000e+05 8.0536161976e-01
1.0670000000e+05 4.4482263147e-01
1.0680000000e+05 2.1434067002e+00
1.0690000000e+05 1.0621409875e+01
1.0700000000e+05 1.7329754973e+00
1.0710000000e+05 5.3041709167e-01
1.0720000000e+05 2.9532081412e+00
1.0730000000e+05 6.3569490684e-01
1.0740000000e+05 1.5556349232e+00
1.0750000000e+05 2.7780509181e+00
1.0760000000e+05 1.5709001534e+00
1.0770000000e+05 1.1947240775e+00
1.0780000000e+05 3.1314508409e+00
1.0790000000e+05 1.8342760683e+01
1.0800000000e+05 1.8408832090e+00
1.0810000000e+05 2.1791669110e+00
1.0820000000e+05 1.8873857037e+00
1.0830000000e+05 4.7083670091e+00
1.0840000000e+05 4.2527044307e+00
1.0850000000e+05 6.6694483258e+00
1.0860000000e+05 4.1716217243e-01
1.0870000000e+05 4.9498585749e-01
1.0880000000e+05 1.4753081416e+00
1.0890000000e+05 3.3473404587e-01
1.0900000000e+05 2.4266867480e-01
1.0910000000e+05 2.4870489543e-01
1.0920000000e+05 3.3964694013e-01
1.0930000000e+05 1.6000993393e+00
1.0940000000e+05 7.5112058618e-01
1.0950000000e+05 2.2143448380e+00
1.0960000000e+05 8.3379055496e-01
1.0970000000e+05 6.7096256943e-01
1.0980000000e+05 3.9896018266e-01
1.0990000000e+05 7.4808307831e-01
1.1000000000e+05 3.3968506274e-01
1.1010000000e+05 2.6967634447e+00
1.1020000000e+05 3.4121838414e+00
1.1030000000e+05 1.5341864270e+00
1.1040000000e+05 1.1137240590e+00
1.1050000000e+05 3.0801918679e-01
1.1060000000e+05 9.7983883458e-01
1.1070000000e+05 2.1736904793e+00
1.1080000000e+05 9.4519272616e+00
1.1090000000e+05 9.9561714509e+00
1.1100000000e+05 7.5729201239e+00
1.1110000000e+05 4.3194126845e+00
1.1120000000e+05 3.4645938622e+00
1.1130000000e+05 6.2684967498e+00
1.1140000000e+05 1.8640574452e+00
1.1150000000e+05 1.0476726794e-01
1.1160000000e+05 1.6499621483e-01
1.1170000000e+05 1.9269567989e+00
1.1180000000e+05 2.3504141823e-01
1.1190000000e+05 2.1477559702e-01
1.1200000000e+05 1.8424280408e+00
1.1210000000e+05 3.4442545900e+00
1.1220000000e+05 1.9452868813e+00
1.1230000000e+05 3.0076889679e+00
1.1240000000e+05 8.5033357157e+00
1.1250000000e+05 1.0074492139e+01
1.1260000000e+05 2.7086306819e+00
1.1270000000e+05 2.1701406476e+00
1.1280000000e+05 1.3516760036e+00
1.1290000000e+05 3.8669975245e-01
1.1300000000e+05 3.2048817867e+00
1.1310000000e+05 6.5196793841e+00
1.1320000000e+05 7.0041917888e-01
1.1330000000e+05 1.5937592068e-01
1.1340000000e+05 4.7176055312e-01
1.1350000000e+05 5.0583193523e-01
1.1360000000e+05 2.3468070875e+00
1.1370000000e+05 5.0969483078e-01
1.1380000000e+05 2.2038724422e+00
1.1390000000e+05 4.0371872653e+00
1.1400000000e+05 7.5470816808e+00
1.1410000000e+05 5.8508897316e+00
1.1420000000e+05 4.0886566305e+00
1.1430000000e+05 1.4737039385e+00
1.1440000000e+05 6.7499735730e-01
1.1450000000e+05 3.0247935667e+00
1.1460000000e+05 2.9241696602e-01
1.1470000000e+05 4.1900301102e-01
1.1480000000e+05 1.3324091852e+00
1.1490000000e+05 2.3572033914e+00
1.1500000000e+05 1.4650789185e+00
1.1510000000e+05 4.0814860585e+00
1.1520000000e+05 3.4030209255e+00
1.1530000000e+05 1.3942416033e+01
1.1540000000e+05 1.1397158150e+01
1.1550000000e+05 1.2997263053e+01
1.1560000000e+05 9.0206728150e+00
1.1570000000e+05 1.0212000852e+01
1.1580000000e+05 9.4333069860e+00
1.1590000000e+05 1.5634614885e+01
1.1600000000e+05 1.3260629161e+01
1.1610000000e+05 2.0577742452e+01
1.1620000000e+05 2.0597642216e+01
1.1630000000e+05 2.0461715655e+01
1.1640000000e+05 2.6182813529e+01
1.1650000000e+05 1.4719384233e+01
1.1660000000e+05 6.4220628319e+00
1.1670000000e+05 9.5042428895e+00
1.1680000000e+05 1.5448475728e+01
1.1690000000e+05 1.6985222492e+01
1.1700000000e+05 1.6988687794e+01
1.1710000000e+05 1.5621211920e+01
1.1720000000e+05 4.2603305835e+00
1.1730000000e+05 6.6901993684e+00
1.1740000000e+05 4.3737379272e+00
1.1750000000e+05 1.1766602840e+01
1.1760000000e+05 8.2455464225e+00
1.1770000000e+05 1.0268492512e+01
1.1780000000e+05 2.1615781124e+01
1.1790000000e+05 4.3263978955e+00
1.1800000000e+05 5.8020709401e-01
1.1810000000e+05 4.9091352978e+00
1.1820000000e+05 5.5041920722e+00
1.1830000000e+05 5.3890291613e+00
1.1840000000e+05 1.2312508617e+01
1.1850000000e+05 1.2481446394e+01
1.1860000000e+05 1.3035760680e+01
1.1870000000e+05 1.0494104949e+01
1.1880000000e+05 7.9479116309e+00
1.1890000000e+05 3.9774865635e+00
1.1900000000e+05 4.8253305946e+00
1.1910000000e+05 2.8340932284e+00
1.1920000000e+05 3.6717173489e+00
1.1930000000e+05 5.0501289431e+00
1.1940000000e+05 9.0782069317e+00
1.1950000000e+05 3.0354405441e+00
1.1960000000e+05 5.9659128170e+00
1.1970000000e+05 1.1212076436e+01
1.1980000000e+05 5.2574160938e+00
1.1990000000e+05 6.3725769008e+00
1.2000000000e+05 1.6259907788e+00
1.2010000000e+05 2.8083985139e+00
1.2020000000e+05 4.7228994505e-01
1.2030000000e+05 4.7429715801e-01
1.2040000000e+05 1.4684003888e+00
1.2050000000e+05 1.1827953366e+00
1.2060000000e+05 2.5347922900e+00
1.2070000000e+05 1.1873727414e+00
1.2080000000e+05 1.4523318539e+00
1.2090000000e+05 2.2945069678e+00
1.2100000000e+05 3.0144535606e+00
1.2110000000e+05 2.2926781356e+00
1.2120000000e+05 7.4935711492e-01
1.2130000000e+05 1.8376903471e+00
1.2140000000e+05 8.2269045447e-01
1.2150000000e+05 2.1766380928e+00
1.2160000000e+05 1.9348752195e+00
1.2170000000e+05 1.9083489347e+00
1.2180000000e+05 1.3993714205e+00
1.2190000000e+05 1.4118203128e-01
1.2200000000e+05 3.1223574970e+00
1.2210000000e+05 1.0745864403e+00
1.2220000000e+05 1.2565975526e+00
1.2230000000e+05 3.2041209049e+00
1.2240000000e+05 2.6184994167e+00
1.2250000000e+05 4.7243211566e-01
1.2260000000e+05 7.4409096037e-01
1.2270000000e+05 1.7331116085e+00
1.2280000000e+05 3.1153099295e+00
1.2290000000e+05 1.2118642430e+00
1.2300000000e+05 1.0660049223e+00
1.2310000000e+05 4.6923468722e-01
1.2320000000e+05 2.1104225904e+00
1.2330000000e+05 7.8672227201e-01
1.2340000000e+05 1.2964293058e+00
1.2350000000e+05 7.9298855960e-01
1.2360000000e+05 1.5629624794e+00
1.2370000000e+05 1.1312245059e+01
1.2380000000e+05 1.6019640116e+00
1.2390000000e+05 9.0957615258e-01
1.2400000000e+05 3.1520762128e+00
1.2410000000e+05 1.4856569465e+00
1.2420000000e+05 4.2634904478e+00
1.2430000000e+05 1.9281081718e+00
1.2440000000e+05 8.8157212733e-01
1.2450000000e+05 1.0166312602e+00
1.2460000000e+05 3.0126074666e+00
1.2470000000e+05 7.9289728638e+00
1.2480000000e+05 7.7778452558e+00
1.2490000000e+05 7.0153040038e-01
1.2500000000e+05 1.7120018843e+00
1.2510000000e+05 1.7176991708e+00
1.2520000000e+05 2.0512174202e+00
1.2530000000e+05 1.2130477335e+00
1.2540000000e+05 2.0653716491e+00
1.2550000000e+05 2.9568927156e+00
1.2560000000e+05 1.5506773516e+00
1.2570000000e+05 2.6666513689e+00
1.2580000000e+05 1.7658862639e+00
1.2590000000e+05 3.8588689850e-01
1.2600000000e+05 7.5449237862e-01
1.2610000000e+05 5.4104555686e+00
1.2620000000e+05 4.0116478284e+00
1.2630000000e+05 2.2201611480e+00
1.2640000000e+05 2.5370892149e+00
1.2650000000e+05 1.9555902850e+00
1.2660000000e+05 3.1023859104e-01
1.2670000000e+05 1.2014645968e+00
1.2680000000e+05 2.0113992729e+00
1.2690000000e+05 5.8753952420e+00
1.2700000000e+05 2.8820020109e+00
1.2710000000e+05 7.4877869829e-01
1.2720000000e+05 2.8998590933e+00
1.2730000000e+05 2.7512483951e+00
1.2740000000e+05 7.8361310779e-01
1.2750000000e+05 4.7754182344e-01
1.2760000000e+05 1.9510475383e+00
1.2770000000e+05 7.9169760422e-01
1.2780000000e+05 1.8480269315e+00
1.2790000000e+05 8.4491667383e-01
1.2800000000e+05 3.1141097326e+00
1.2810000000e+05 1.1477888329e+00
1.2820000000e+05 6.5566768034e-01
1.2830000000e+05 1.0594438697e-01
1.2840000000e+05 2.8957595476e-01
1.2850000000e+05 8.6301324585e-01
1.2860000000e+05 9.4479421968e-01
1.2870000000e+05 5.4307960305e-01
1.2880000000e+05 1.9717914437e+00
1.2890000000e+05 1.8687308398e-01
1.2900000000e+05 1.0020852738e+00
1.2910000000e+05 7.9514991694e-01
1.2920000000e+05 1.5535586438e+00
1.2930000000e+05 3.4432002119e+00
1.2940000000e+05 2.9694335788e+00
1.2950000000e+05 1.0791701061e+01
1.2960000000e+05 3.4919323023e+00
1.2970000000e+05 2.6768851140e+00
1.2980000000e+05 2.9886971404e+00
1.2990000000e+05 1.4122805488e+00
1.3000000000e+05 7.3032073438e+00
1.3010000000e+05 3.3556567066e+00
1.3020000000e+05 3.0508621312e+00
1.3030000000e+05 3.9140130947e+00
1.3040000000e+05 4.4746606164e+00
1.3050000000e+05 4.7033522908e+00
1.3060000000e+05 1.6375099969e+00
1.3070000000e+05 8.4832774035e+00
1.3080000000e+05 9.5879455876e-01
1.3090000000e+05 1.5425300439e+00
1.3100000000e+05 2.5971219878e-01
1.3110000000e+05 5.7916507301e-01
1.3120000000e+05 3.4833507497e+00
1.3130000000e+05 2.0484284240e+00
1.3140000000e+05 4.1212618699e-01
1.3150000000e+05 3.2465161563e+00
1.3160000000e+05 5.6176622008e+00
1.3170000000e+05 6.0728584924e+00
1.3180000000e+05 2.3350241883e+00
1.3190000000e+05 4.8884082046e+00
1.3200000000e+05 1.3021075070e+00
1.3210000000e+05 2.2160114310e+00
1.3220000000e+05 2.9794027353e+00
1.3230000000e+05 5.8761797976e+00
1.3240000000e+05 9.1294688218e-01
1.3250000000e+05 1.2342162358e+00
1.3260000000e+05 1.6428196738e+00
1.3270000000e+05 3.5236834668e+00
1.3280000000e+05 1.7389284146e+00
1.3290000000e+05 2.0562863538e+00
1.3300000000e+05 3.1368014548e+00
1.3310000000e+05 4.9410848251e-01
1.3320000000e+05 3.1850896260e-01
1.3330000000e+05 5.3335459371e-01
1.3340000000e+05 9.1859982204e-01
1.3350000000e+05 4.5952170457e-01
1.3360000000e+05 1.2066772001e+00
1.3370000000e+05 1.2304432366e+00
1.3380000000e+05 1.9130956071e+00
1.3390000000e+05 1.2821463071e+00
1.3400000000e+05 9.5289257768e-01
1.3410000000e+05 8.0539209068e-01
1.3420000000e+05 1.3666142180e+00
1.3430000000e+05 4.0466544546e+00
1.3440000000e+05 3.3709996880e+00
1.3450000000e+05 1.6618377277e+01
1.3460000000e+05 5.1484347961e+00
1.3470000000e+05 4.6589183787e+00
1.3480000000e+05 8.8668658606e+00
1.3490000000e+05 2.5296985130e+00
1.3500000000e+05 6.4767375554e-01
1.3510000000e+05 7.0913670727e-01
1.3520000000e+05 9.1850870442e-01
1.3530000000e+05 1.0599004232e+00
1.3540000000e+05 6.2686692904e-01
1.3550000000e+05 3.7158738032e-01
1.3560000000e+05 5.1569376642e-01
1.3570000000e+05 1.0479300409e+00
1.3580000000e+05 6.9398521289e-01
1.3590000000e+05 6.5892515564e-01
1.3600000000e+05 7.8005351399e-01
1.3610000000e+05 1.1744075241e+00
1.3620000000e+05 2.4732020752e-01
1.3630000000e+05 7.2525206856e-01
1.3640000000e+05 1.2412302391e+00
1.3650000000e+05 1.2932411590e+00
1.3660000000e+05 5.6599953496e-01
1.3670000000e+05 1.1226472648e-01
1.3680000000e+05 2.5526632688e+00
1.3690000000e+05 1.9408647158e+00
1.3700000000e+05 3.8630137836e-01
1.3710000000e+05 4.4874745169e-01
1.3720000000e+05 6.4153530002e-01
1.3730000000e+05 2.7326659475e-01
1.3740000000e+05 2.0755932685e-01
1.3750000000e+05 7.3464094430e-01
1.3760000000e+05 2.5404063979e-01
1.3770000000e+05 4.5270608677e-01
1.3780000000e+05 7.9434935696e-01
1.3790000000e+05 8.5004232111e-01
1.3800000000e+05 9.6556159671e-01
1.3810000000e+05 6.5919978221e-01
1.3820000000e+05 9.1575976018e-01
1.3830000000e+05 3.2970377992e+00
1.3840000000e+05 7.1361571936e+00
1.3850000000e+05 3.7827254756e+00
1.3860000000e+05 8.8264974212e+00
1.3870000000e+05 8.8781815574e+00
1.3880000000e+05 6.1350538994e+00
1.3890000000e+05 4.2370496055e+00
1.3900000000e+05 4.6910691634e+00
1.3910000000e+05 4.4687365455e+00
1.3920000000e+05 5.1510876950e+00
1.3930000000e+05 9.6739122070e+00
1.3940000000e+05 7.6996592684e+00
1.3950000000e+05 8.4325804835e+00
1.3960000000e+05 2.2226492829e+01
1.3970000000e+05 4.2080913528e+00
1.3980000000e+05 9.0187190441e+00
1.3990000000e+05 1.0526490899e+01
1.4000000000e+05 1.1787845046e+01
1.4010000000e+05 2.1588909118e+01
1.4020000000e+05 1.8930251614e+01
1.4030000000e+05 4.8131658627e+00
1.4040000000e+05 2.4753192665e+00
1.4050000000e+05 2.9070895846e-01
1.4060000000e+05 1.3694589051e+00
1.4070000000e+05 1.1095774040e+00
1.4080000000e+05 2.5263599372e+00
1.4090000000e+05 1.6431428728e+00
1.4100000000e+05 3.0105160754e+00
1.4110000000e+05 2.8354881575e+00
1.4120000000e+05 8.2432173039e-01
1.4130000000e+05 1.1483457729e+01
1.4140000000e+05 1.6999598756e+01
1.4150000000e+05 1.7441753004e+01
1.4160000000e+05 4.9577102519e+00
1.4170000000e+05 2.0991419796e+01
1.4180000000e+05 6.2467461745e+00
1.4190000000e+05 3.3654350147e+00
1.4200000000e+05 5.1516254503e+00
1.4210000000e+05 6.3189716063e+00
1.4220000000e+05 5.3887970740e+00
1.4230000000e+05 6.3209375793e+00
1.4240000000e+05 5.7469177164e+00
1.4250000000e+05 2.3812693281e+01
1.4260000000e+05 9.2634296863e+00
1.4270000000e+05 1.7025401977e+01
1.4280000000e+05 2.5804466627e+00
1.4290000000e+05 6.2516386572e+00
1.4300000000e+05 4.2349534597e+00
1.4310000000e+05 2.0346506658e+01
1.4320000000e+05 5.3791764108e+00
1.4330000000e+05 9.7643128980e+00
1.4340000000e+05 6.9405356821e+00
1.4350000000e+05 5.5846595842e+00
1.4360000000e+05 6.6338537098e+00
1.4370000000e+05 6.8660526411e+00
1.4380000000e+05 3.7601856811e+00
1.4390000000e+05 5.0131096687e+00
1.4400000000e+05 4.0379337683e+00
1.4410000000e+05 3.6287041895e+00
1.4420000000e+05 2.7886949682e+00
1.4430000000e+05 6.6604393987e+00
1.4440000000e+05 4.4502801870e+00
1.4450000000e+05 8.2618741431e+00
1.4460000000e+05 3.8615621027e+00
1.4470000000e+05 5.5539769690e+00
1.4480000000e+05 1.0079153947e+01
1.4490000000e+05 4.3614697812e+00
1.4500000000e+05 1.6356196294e+01
1.4510000000e+05 1.1614064405e+01
1.4520000000e+05 1.1693101061e+01
1.4530000000e+05 6.0926867860e+00
1.4540000000e+05 5.8011385349e+00
1.4550000000e+05 7.0384109325e+00
1.4560000000e+05 1.2697540966e+01
1.4570000000e+05 1.5971086511e+01
1.4580000000e+05 1.2252804870e+01
1.4590000000e+05 9.7310735655e+00
1.4600000000e+05 1.1234717672e+01
1.4610000000e+05 4.9180668020e+00
1.4620000000e+05 5.0898965247e+00
1.4630000000e+05 1.1288979453e+01
1.4640000000e+05 3.1325378943e+00
1.4650000000e+05 3.1090162929e+00
1.4660000000e+05 4.7748552360e+00
1.4670000000e+05 1.2067998088e+01
1.4680000000e+05 1.3377191296e+01
1.4690000000e+05 1.3121573106e+01
1.4700000000e+05 8.0903447286e+00
1.4710000000e+05 1.5092458447e+01
1.4720000000e+05 9.5004733316e+00
1.4730000000e+05 7.3257609147e+00
1.4740000000e+05 2.4344730173e+00
1.4750000000e+05 4.3090572044e+00
1.4760000000e+05 4.4336115866e+00
1.4770000000e+05 5.5417417920e+00
1.4780000000e+05 6.5654936067e+00
1.4790000000e+05 8.8229172748e+00
1.4800000000e+05 5.5582239349e+00
1.4810000000e+05 1.1965722786e+01
1.4820000000e+05 1.5598564747e+01
1.4830000000e+05 4.3171706792e+00
1.4840000000e+05 9.7888877943e-01
1.4850000000e+05 5.3922109438e-01
1.4860000000e+05 3.3666822162e-01
1.4870000000e+05 2.3448362145e+00
1.4880000000e+05 2.6170460335e+00
1.4890000000e+05 4.0984262152e+00
1.4900000000e+05 3.9263728076e+00
1.4910000000e+05 1.7349836406e+00
1.4920000000e+05 2.7507727605e+00
1.4930000000e+05 3.6773219020e+00
1.4940000000e+05 1.1930506563e+01
1.4950000000e+05 8.7856015849e+00
1.4960000000e+05 1.5120711687e+01
1.4970000000e+05 1.0827839176e+01
1.4980000000e+05 1.3099078586e+01
1.4990000000e+05 8.3805611073e+00
1.5000000000e+05 5.0463768786e+00
1.5010000000e+05 2.9112410418e+00
1.5020000000e+05 5.7778710720e+00
1.5030000000e+05 3.6666115329e+00
1.5040000000e+05 4.3937306612e+00
1.5050000000e+05 3.3638975982e+00
1.5060000000e+05 4.6357069661e-01
1.5070000000e+05 5.4049084668e-01
1.5080000000e+05 3.1849961941e-01
1.5090000000e+05 2.5003056701e+00
1.5100000000e+05 5.6860314800e+00
1.5110000000e+05 1.2943365449e+01
1.5120000000e+05 6.0428187588e+00
1.5130000000e+05 5.5907255824e+00
1.5140000000e+05 4.5509896011e+00
1.5150000000e+05 4.7179323913e+00
1.5160000000e+05 5.8176465044e+00
1.5170000000e+05 4.0027487483e+00
1.5180000000e+05 2.2820344397e+00
1.5190000000e+05 4.4485082507e+00
1.5200000000e+05 8.1907743458e+00
1.5210000000e+05 1.4044724104e+01
1.5220000000e+05 6.4869061460e+00
1.5230000000e+05 1.0919405776e+01
1.5240000000e+05 1.5030908674e+01
1.5250000000e+05 1.2437025285e+01
1.5260000000e+05 8.2953805129e+00
1.5270000000e+05 3.3056675229e+00
1.5280000000e+05 3.2339767681e+00
1.5290000000e+05 6.5735376211e+00
1.5300000000e+05 4.5180147117e+00
1.5310000000e+05 4.8134669634e+00
1.5320000000e+05 8.1850914459e+00
1.5330000000e+05 6.7765529900e+00
1.5340000000e+05 7.1501905943e+00
1.5350000000e+05 1.2180047090e+01
1.5360000000e+05 1.8524001590e+01
1.5370000000e+05 6.1258828624e+00
1.5380000000e+05 7.6202349084e+00
1.5390000000e+05 7.9662847951e+00
1.5400000000e+05 8.6602615383e+00
1.5410000000e+05 2.1716323697e+01
1.5420000000e+05 1.3462474068e+01
1.5430000000e+05 7.6527616296e+00
1.5440000000e+05 1.7622385190e+01
1.5450000000e+05 4.6066583111e+00
1.5460000000e+05 5.3549112192e+00
1.5470000000e+05 8.6571380788e+00
1.5480000000e+05 5.2081056964e+00
1.5490000000e+05 8.9342822205e+00
1.5500000000e+05 3.0639076252e+00
1.5510000000e+05 4.1797412506e+00
1.5520000000e+05 2.1479675942e+00
1.5530000000e+05 5.3110733980e+00
1.5540000000e+05 2.9779186159e+00
1.5550000000e+05 6.8371595581e+00
1.5560000000e+05 4.9972952302e+00
1.5570000000e+05 6.0828832166e+00
1.5580000000e+05 7.6894789680e+00
1.5590000000e+05 7.7508672214e+00
1.5600000000e+05 4.7434365293e+00
1.5610000000e+05 1.6015038482e+01
1.5620000000e+05 5.2014598152e+00
1.5630000000e+05 5.4222212493e+00
1.5640000000e+05 2.1237601180e+00
1.5650000000e+05 1.1815354923e+01
1.5660000000e+05 8.3791973766e+00
1.5670000000e+05 2.6167045795e+01
1.5680000000e+05 9.2344145558e+00
1.5690000000e+05 8.7565210545e+00
1.5700000000e+05 4.9581863716e+00
1.5710000000e+05 7.2546424198e+00
1.5720000000e+05 5.7876038201e+00
1.5730000000e+05 3.4862553141e+00
1.5740000000e+05 1.1866003503e+01
1.5750000000e+05 1.1100514651e+01
1.5760000000e+05 6.1916423566e+00
1.5770000000e+05 1.6200715844e+01
1.5780000000e+05 2.3811782495e+01
1.5790000000e+05 1.3008034277e+01
1.5800000000e+05 2.4190849595e+00
1.5810000000e+05 6.2068282564e+00
1.5820000000e+05 4.4345046549e+00
1.5830000000e+05 2.7761063676e+00
1.5840000000e+05 2.5625652967e+00
1.5850000000e+05 2.5596937304e+00
1.5860000000e+05 1.6341914175e+00
1.5870000000e+05 1.0053260639e-01
1.5880000000e+05 2.0554819026e+00
1.5890000000e+05 1.5299763920e+00
1.5900000000e+05 1.0757095986e+01
1.5910000000e+05 1.1184799215e+01
1.5920000000e+05 1.1403342568e+01
1.5930000000e+05 1.5900826165e+01
1.5940000000e+05 5.2674011754e+00
1.5950000000e+05 5.0604026380e+00
1.5960000000e+05 2.0748901395e+01
1.5970000000e+05 1.5990978261e+01
1.5980000000e+05 1.4876825358e+01
1.5990000000e+05 8.3114398478e+00
1.6000000000e+05 7.5200905218e+00
1.6010000000e+05 5.5846837664e+00
1.6020000000e+05 4.2774222401e+00
1.6030000000e+05 5.6911664354e+00
1.6040000000e+05 5.1156329649e+00
1.6050000000e+05 1.6298303889e+01
1.6060000000e+05 1.2929026157e+01
1.6070000000e+05 6.1552067658e+00
1.6080000000e+05 1.2034123937e+01
1.6090000000e+05 6.8548636654e+00
1.6100000000e+05 2.2916578794e+00
1.6110000000e+05 1.5290288417e+00
1.6120000000e+05 2.0177010292e+00
1.6130000000e+05 1.5089728744e+00
1.6140000000e+05 1.6700412286e+00
1.6150000000e+05 1.4683987517e+00
1.6160000000e+05 4.2595349084e-01
1.6170000000e+05 6.7367493309e-01
1.6180000000e+05 3.2983899057e-01
1.6190000000e+05 2.9051619685e-01
1.6200000000e+05 7.3008980061e-01
1.6210000000e+05 4.2053519427e-01
1.6220000000e+05 1.8257840888e-01
1.6230000000e+05 2.6678440426e+00
1.6240000000e+05 2.8860933898e+00
1.6250000000e+05 2.3745046316e-01
1.6260000000e+05 5.3936327612e-01
1.6270000000e+05 8.6693057751e-01
1.6280000000e+05 1.4349813616e+00
1.6290000000e+05 5.1280993273e-01
1.6300000000e+05 4.1746955355e-01
1.6310000000e+05 8.5185470581e-01
1.6320000000e+05 4.4274480135e-01
1.6330000000e+05 1.0876436970e+00
1.6340000000e+05 6.6999893406e-01
1.6350000000e+05 1.7612689200e+00
1.6360000000e+05 5.8691897490e-01
1.6370000000e+05 2.9692992216e-01
1.6380000000e+05 6.7255710396e-01
1.6390000000e+05 6.6028441140e-01
1.6400000000e+05 5.1537977923e-01
1.6410000000e+05 5.5782633430e-01
1.6420000000e+05 3.7322133461e-01
1.6430000000e+05 1.0192183512e+00
1.6440000000e+05 4.0225869053e+00
1.6450000000e+05 4.0163012449e+00
1.6460000000e+05 5.7757811133e+00
1.6470000000e+05 7.8857893151e+00
1.6480000000e+05 4.9088609437e+00
1.6490000000e+05 5.0347173387e+00
1.6500000000e+05 2.5292868174e+00
1.6510000000e+05 1.6956425007e+00
1.6520000000e+05 9.2277256280e-01
1.6530000000e+05 2.3530382065e+00
1.6540000000e+05 2.5831048024e+00
1.6550000000e+05 1.4549298057e+00
1.6560000000e+05 1.7877544489e+00
1.6570000000e+05 4.6581090499e-01
1.6580000000e+05 6.6900160794e-01
1.6590000000e+05 5.7509943705e-01
1.6600000000e+05 2.4691761683e-01
1.6610000000e+05 4.0497072126e-01
1.6620000000e+05 1.7956314071e+00
1.6630000000e+05 1.6033819740e+00
1.6640000000e+05 1.3860926549e+00
1.6650000000e+05 3.5738878297e+00
1.6660000000e+05 1.6034747385e+00
1.6670000000e+05 8.1088863637e-01
1.6680000000e+05 7.1264887854e-01
1.6690000000e+05 4.8997481967e+00
1.6700000000e+05 1.3734981940e+00
1.6710000000e+05 3.0140306838e+00
1.6720000000e+05 1.4027821123e+00
1.6730000000e+05 4.4038859012e+00
1.6740000000e+05 1.5400351434e+00
1.6750000000e+05 4.2136174747e+00
1.6760000000e+05 1.2404097143e+01
1.6770000000e+05 6.3433139173e+00
1.6780000000e+05 4.1165094697e-01
1.6790000000e+05 1.9940890067e+00
1.6800000000e+05 3.5535632930e+00
1.6810000000e+05 1.0165446122e+00
1.6820000000e+05 4.4164652004e-01
1.6830000000e+05 6.1616795584e-01
1.6840000000e+05 8.7899430881e-01
1.6850000000e+05 3.8049366639e+00
1.6860000000e+05 1.2938690458e+00
1.6870000000e+05 3.2712143342e+00
1.6880000000e+05 3.3443933143e+00
1.6890000000e+05 4.9337345968e+00
1.6900000000e+05 1.9654955739e+00
1.6910000000e+05 4.0567004286e+00
1.6920000000e+05 7.8138155839e+00
1.6930000000e+05 1.8487061141e+00
1.6940000000e+05 4.9812970351e+00
1.6950000000e+05 1.5619998631e+00
1.6960000000e+05 8.1907855549e+00
1.6970000000e+05 4.2402566330e+00
1.6980000000e+05 7.3629906064e+00
1.6990000000e+05 7.5884222164e+00
1.7000000000e+05 1.6194467421e+00
1.7010000000e+05 2.0258069555e+00
1.7020000000e+05 1.1185560789e+00
1.7030000000e+05 6.8203733566e-01
1.7040000000e+05 2.3522118169e+00
1.7050000000e+05 3.6912416790e-01
1.7060000000e+05 2.0493831876e+00
1.7070000000e+05 6.2215388399e-01
1.7080000000e+05 4.8394129539e-01
1.7090000000e+05 1.1094743148e-01
1.7100000000e+05 3.2364765882e-01
1.7110000000e+05 1.0706641738e+00
1.7120000000e+05 1.4781381875e+00
1.7130000000e+05 1.5179029597e+00
1.7140000000e+05 1.6737503174e+00
1.7150000000e+05 5.1675885851e-01
1.7160000000e+05 1.7594008823e+00
1.7170000000e+05 3.3805721121e-01
1.7180000000e+05 6.3467912596e-01
1.7190000000e+05 2.6004323686e+00
1.7200000000e+05 2.5623184493e+00
1.7210000000e+05 1.2154573887e+00
1.7220000000e+05 1.4834398220e+00
1.7230000000e+05 4.8892825954e+00
1.7240000000e+05 2.7456306356e+00
1.7250000000e+05 1.4740419700e+00
1.7260000000e+05 4.6096669300e-01
1.7270000000e+05 1.2035858296e+00
1.7280000000e+05 1.5114482449e+00
1.7290000000e+05 2.3610486612e+00
1.7300000000e+05 3.4508840421e+00
1.7310000000e+05 7.0272112069e+00
1.7320000000e+05 1.0310246683e+00
1.7330000000e+05 4.2640070699e-01
1.7340000000e+05 1.9163507039e+00
1.7350000000e+05 1.4148021492e+00
1.7360000000e+05 1.9702575552e+00
1.7370000000e+05 3.2695919910e+00
1.7380000000e+05 2.3239633526e+00
1.7390000000e+05 6.7286893672e-01
1.7400000000e+05 1.4942626840e+00
1.7410000000e+05 2.9401149906e+00
1.7420000000e+05 1.2010683164e+00
1.7430000000e+05 6.3887174921e-01
1.7440000000e+05 7.5609504204e+00
1.7450000000e+05 4.1241665995e+00
1.7460000000e+05 8.6429709321e+00
1.7470000000e+05 1.5324395335e+00
1.7480000000e+05 8.2497956947e-01
1.7490000000e+05 1.4351781779e+00
1.7500000000e+05 1.7722255324e+00
1.7510000000e+05 2.7098132081e+00
1.7520000000e+05 5.8214820813e+00
1.7530000000e+05 4.7289563600e-01
1.7540000000e+05 1.5718247014e+00
1.7550000000e+05 6.2758668717e+00
1.7560000000e+05 2.8081437522e+00
1.7570000000e+05 1.7018901077e+00
1.7580000000e+05 7.3417991405e-01
1.7590000000e+05 9.3004022031e-01
1.7600000000e+05 2.7347975314e+00
1.7610000000e+05 7.6886494559e-01
1.7620000000e+05 7.9418735745e-01
1.7630000000e+05 6.7499152874e-01
1.7640000000e+05 4.4793570632e+00
1.7650000000e+05 1.8694668944e+00
1.7660000000e+05 8.7744911899e-01
1.7670000000e+05 3.4680570653e-01
1.7680000000e+05 2.2438131125e+00
1.7690000000e+05 2.1067412394e+00
1.7700000000e+05 8.4296284159e-01
1.7710000000e+05 2.6006617936e+00
1.7720000000e+05 1.7757864584e+00
1.7730000000e+05 2.8063789896e-01
1.7740000000e+05 1.2732486200e+00
1.7750000000e+05 1.1640593475e+00
1.7760000000e+05 2.6017367687e+00
1.7770000000e+05 1.3157421900e+00
1.7780000000e+05 9.9501387041e-01
1.7790000000e+05 1.8264184971e+00
1.7800000000e+05 3.8237373565e-01
1.7810000000e+05 1.9388665010e+00
1.7820000000e+05 2.0466686242e+00
1.7830000000e+05 3.4074525160e+00
1.7840000000e+05 1.4753705581e+00
1.7850000000e+05 1.6738423205e+00
1.7860000000e+05 1.3425151464e+00
1.7870000000e+05 1.0155833666e+00
1.7880000000e+05 1.8777914180e+00
1.7890000000e+05 2.5792484262e-01
1.7900000000e+05 6.1292093818e-01
1.7910000000e+05 7.8008814334e-01
1.7920000000e+05 1.0628978160e+00
1.7930000000e+05 3.8246355637e+00
1.7940000000e+05 2.6731618637e+00
1.7950000000e+05 8.7988639470e+00
1.7960000000e+05 3.2549835815e+00
1.7970000000e+05 3.1546169999e+00
1.7980000000e+05 6.1069178169e+00
1.7990000000e+05 3.1045103626e+00
1.8000000000e+05 4.3706363678e+00
1.8010000000e+05 2.7635782176e+00
1.8020000000e+05 4.2909053105e+00
1.8030000000e+05 2.6017345987e+00
1.8040000000e+05 4.9749130708e+00
1.8050000000e+05 1.3234868234e+01
1.8060000000e+05 7.8309460888e+00
1.8070000000e+05 1.1292827940e+01
1.8080000000e+05 1.0670961879e+01
1.8090000000e+05 5.3292938146e+00
1.8100000000e+05 1.0665076011e+01
1.8110000000e+05 5.5462368239e+00
1.8120000000e+05 5.9568496623e-01
1.8130000000e+05 4.4677324659e+00
1.8140000000e+05 7.7060815851e+00
1.8150000000e+05 1.3154082019e+01
1.8160000000e+05 8.2421697121e+00
1.8170000000e+05 9.0706847138e+00
1.8180000000e+05 4.4865071672e+00
1.8190000000e+05 3.9811722393e+00
1.8200000000e+05 5.1105103047e+00
1.8210000000e+05 1.2958095087e+01
1.8220000000e+05 9.9711058684e+00
1.8230000000e+05 1.3505223152e+01
1.8240000000e+05 1.2044462104e+01
1.8250000000e+05 8.8081006030e+00
1.8260000000e+05 4.2910774399e+00
1.8270000000e+05 1.0775515154e+01
1.8280000000e+05 2.2277903925e+01
1.8290000000e+05 2.1892655042e+01
1.8300000000e+05 2.5694581688e+01
1.8310000000e+05 1.9560873341e+01
1.8320000000e+05 1.5481150688e+01
1.8330000000e+05 2.1264329296e+01
1.8340000000e+05 7.2789758704e+00
1.8350000000e+05 1.7642297889e+01
1.8360000000e+05 1.0043385570e+01
1.8370000000e+05 1.6852173194e+01
1.8380000000e+05 1.8264100494e+01
1.8390000000e+05 2.2241321573e+01
1.8400000000e+05 1.1926946880e+01
1.8410000000e+05 1.0767400524e+01
1.8420000000e+05 1.6707654576e+00
1.8430000000e+05 6.5534673177e+00
1.8440000000e+05 3.8747257779e+00
1.8450000000e+05 4.2310241874e-01
1.8460000000e+05 3.8154560894e-01
1.8470000000e+05 2.4708544385e+00
1.8480000000e+05 8.7403359426e-01
1.8490000000e+05 1.1835760755e+00
1.8500000000e+05 4.2256690007e+00
1.8510000000e+05 4.3306862237e+00
1.8520000000e+05 5.5647327306e+00
1.8530000000e+05 1.0040686674e+01
1.8540000000e+05 3.3469983530e+00
1.8550000000e+05 5.4733496380e-01
1.8560000000e+05 3.0582366864e+00
1.8570000000e+05 9.3578686150e-01
1.8580000000e+05 1.9294361553e+00
1.8590000000e+05 2.2805358849e-01
1.8600000000e+05 4.8821990963e-01
1.8610000000e+05 3.4070393994e+00
1.8620000000e+05 2.7436425493e+00
1.8630000000e+05 7.2576335926e-01
1.8640000000e+05 7.2300319124e-01
1.8650000000e+05 8.0903336007e-01
1.8660000000e+05 1.4381986211e+00
1.8670000000e+05 1.1826768765e+01
1.8680000000e+05 1.4289524186e+01
1.8690000000e+05 5.1830305306e+00
1.8700000000e+05 2.3301304285e+00
1.8710000000e+05 7.0503346453e+00
1.8720000000e+05 3.2404300828e+00
1.8730000000e+05 4.6839047451e-01
1.8740000000e+05 3.5438652612e-01
1.8750000000e+05 1.5139071675e+00
1.8760000000e+05 2.5920304035e-01
1.8770000000e+05 1.1159950551e-01
1.8780000000e+05 8.0940919358e-01
1.8790000000e+05 2.3268163167e+00
1.8800000000e+05 2.8337976313e+00
1.8810000000e+05 3.4698249639e+00
1.8820000000e+05 7.1244999988e+00
1.8830000000e+05 7.2190102283e+00
1.8840000000e+05 5.9517686494e+00
1.8850000000e+05 6.4042913968e+00
1.8860000000e+05 2.5181234921e+00
1.8870000000e+05 6.0343192176e-01
1.8880000000e+05 1.1576315874e+00
1.8890000000e+05 1.1948969886e+00
1.8900000000e+05 5.4307923990e+00
1.8910000000e+05 3.1916065018e+00
1.8920000000e+05 4.6797427000e-01
1.8930000000e+05 7.8705074486e-01
1.8940000000e+05 3.6751253893e-01
1.8950000000e+05 7.0402896476e-01
1.8960000000e+05 8.5325897887e-01
1.8970000000e+05 3.2753153331e+00
1.8980000000e+05 1.1872518824e+00
1.8990000000e+05 2.1701709502e+00
1.9000000000e+05 4.5134587007e-01
1.9010000000e+05 4.1405320773e-01
1.9020000000e+05 5.8210782272e-02
1.9030000000e+05 1.6386657857e-01
1.9040000000e+05 8.9467109274e-01
1.9050000000e+05 2.9364268690e-01
1.9060000000e+05 4.0679352535e-01
1.9070000000e+05 1.3970130036e+00
1.9080000000e+05 2.3329351651e+00
1.9090000000e+05 4.6839338303e+00
1.9100000000e+05 2.1489313036e+00
1.9110000000e+05 1.6104916281e+00
1.9120000000e+05 1.4942790750e+00
1.9130000000e+05 9.6700772783e+00
1.9140000000e+05 4.9469070215e+00
1.9150000000e+05 2.6449951171e+00
1.9160000000e+05 1.6806992047e+00
1.9170000000e+05 2.5122779072e+00
1.9180000000e+05 1.2691783514e+00
1.9190000000e+05 1.3028967065e+00
1.9200000000e+05 5.1921050027e+00
1.9210000000e+05 1.9407464178e-01
1.9220000000e+05 1.0319211652e+00
1.9230000000e+05 6.9492746942e+00
1.9240000000e+05 4.8466455815e+00
1.9250000000e+05 6.2279042958e-01
1.9260000000e+05 4.0839731647e-01
1.9270000000e+05 1.3762180448e+00
1.9280000000e+05 7.1936833922e+00
1.9290000000e+05 7.7604202085e+00
1.9300000000e+05 1.0820392768e+00
1.9310000000e+05 2.2005648441e+00
1.9320000000e+05 3.8610497942e+00
1.9330000000e+05 3.5987278603e+00
1.9340000000e+05 2.8968681207e+00
1.9350000000e+05 3.8313291346e+00
1.9360000000e+05 7.1564325704e+00
1.9370000000e+05 9.0813564154e+00
1.9380000000e+05 1.0802474132e+00
1.9390000000e+05 7.2167346813e-01
1.9400000000e+05 1.5950142542e+00
1.9410000000e+05 2.3639523628e+00
1.9420000000e+05 1.4186035225e+00
1.9430000000e+05 2.3034837687e+00
1.9440000000e+05 3.8826791741e+00
1.9450000000e+05 1.2729378220e+00
1.9460000000e+05 2.7780496558e-01
1.9470000000e+05 1.9097211342e+00
1.9480000000e+05 3.1834382795e+00
1.9490000000e+05 6.3815595967e+00
1.9500000000e+05 1.1843024490e+01
1.9510000000e+05 2.2919482131e+00
1.9520000000e+05 7.1031103787e-01
1.9530000000e+05 1.1613679264e+00
1.9540000000e+05 5.2806027020e-02
1.9550000000e+05 1.0502745871e+00
1.9560000000e+05 2.9827994844e+00
1.9570000000e+05 1.6047119581e+00
1.9580000000e+05 2.4921455061e+00
1.9590000000e+05 2.0344852732e+00
1.9600000000e+05 1.7056433300e+00
1.9610000000e+05 4.9798081727e-01
1.9620000000e+05 4.8191566526e+00
1.9630000000e+05 4.8853863839e-01
1.9640000000e+05 3.1353450835e-01
1.9650000000e+05 6.1562526653e-01
1.9660000000e+05 6.1649467647e-02
1.9670000000e+05 9.8725857414e-01
1.9680000000e+05 1.8624816176e+00
1.9690000000e+05 4.2150197280e-01
1.9700000000e+05 1.3395564147e+00
1.9710000000e+05 5.4484083606e+00
1.9720000000e+05 5.0522142102e+00
1.9730000000e+05 6.8072732136e+00
1.9740000000e+05 3.1494218269e+00
1.9750000000e+05 5.6581916428e+00
1.9760000000e+05 1.1633139867e+01
1.9770000000e+05 1.5681138614e+01
1.9780000000e+05 1.7926622513e+01
1.9790000000e+05 1.1381337564e+01
1.9800000000e+05 1.9271966289e+00
1.9810000000e+05 8.2706220513e+00
1.9820000000e+05 9.0208399294e+00
1.9830000000e+05 9.5004056887e+00
1.9840000000e+05 5.0011303895e+00
1.9850000000e+05 3.6371152005e+00
1.9860000000e+05 2.3088010573e+00
1.9870000000e+05 3.4125159014e+00
1.9880000000e+05 8.1511753217e+00
1.9890000000e+05 1.3316294591e+01
1.9900000000e+05 4.8881601260e+00
1.9910000000e+05 4.2280176899e-01
1.9920000000e+05 3.4892130445e+00
1.9930000000e+05 6.2803928426e+00
1.9940000000e+05 6.9068323702e+00
1.9950000000e+05 3.4638785942e+00
1.9960000000e+05 9.0453643615e-01
1.9970000000e+05 3.1749394412e+00
1.9980000000e+05 1.6955754206e+00
1.9990000000e+05 1.4037555707e-01
