1.000000000000000000e+5 4.751005177067773268e+285 4.751005177067773268e+285 4.751005177067773268e+285 4.751005177067773268e+285
1.000000000000000000e+15 4.751005177067773268e+285 inf 9.502010354135545479e+285 9.502010354135545479e+285
1.176811952434998000e+15 4.751005177067773268e+285 inf 9.502010354135545479e+285 9.502010354135545479e+285
1.384886371393873250e+15 4.751005177067773268e+285 inf 9.502010354135545479e+285 9.502010354135545479e+285
1.629750834620643500e+15 4.751005177067773268e+285 inf 9.502010354135545479e+285 9.502010354135545479e+285
1.917910261672488750e+15 4.751005177067773268e+285 inf 9.502010354135545479e+285 9.502010354135545479e+285
2.257019719633919000e+15 4.751005177067773268e+285 inf 9.502010354135545479e+285 9.502010354135545479e+285
2.656087782946687000e+15 4.751005177067773268e+285 inf 9.502010354135545479e+285 9.502010354135545479e+285
3.125715849688235500e+15 4.751005177067773268e+285 inf 9.502010354135545479e+285 9.502010354135545479e+285
3.678379771828634500e+15 4.751005177067773268e+285 inf 9.502010354135545479e+285 9.502010354135545479e+285
4.328761281083057500e+15 1.136194639193458080e+09 inf 4.485748542146489143e+09 1.521600665050762892e+09
5.094138014816381000e+15 5.320105529641190171e+08 inf 1.005827964048098207e+09 1.129361392853417158e+09
5.994842503189409000e+15 2.406679554009817541e+08 inf 3.352768070016793013e+08 8.528840829293904305e+08
7.054802310718645000e+15 1.118376603622837365e+08 inf 1.348367242531819940e+08 6.556711978767982721e+08
8.302175681319744000e+15 5.491048799544575810e+07 inf 6.147675446191652864e+07 5.141001519078474045e+08
9.770099572992246000e+15 3.032054148265101016e+07 inf 3.273307487314035743e+07 4.113868676215352416e+08
1.149756995397735600e+16 1.870809967249205336e+07 inf 1.981233324945539609e+07 3.356636792323732972e+08
1.353047774579806800e+16 1.260884075837110728e+07 inf 1.320496203475008532e+07 2.793043464710195065e+08
1.592282793341092200e+16 8.983728537324452773e+06 inf 9.337992647735169157e+06 2.368007048005128205e+08
1.873817422860384000e+16 6.577186646571607329e+06 inf 6.796368514427559450e+06 2.039447180350256562e+08
2.205130739903045600e+16 4.830089777591268532e+06 inf 4.964276007211806253e+06 1.786912029899191856e+08
2.595024211399736000e+16 3.523531946891909465e+06 4.373072984948392090e+12 3.603702262677967548e+06 1.583905443271344006e+08
3.053855508833415600e+16 2.540613449998097494e+06 1.422401660658099670e+11 2.586933441186624579e+06 1.420328576290487647e+08
3.593813663804628000e+16 1.831078313496508636e+06 2.127314851461878967e+10 1.857729084219627315e+06 1.284083072441686094e+08
4.229242874389498400e+16 1.335221434054329293e+06 5.502348308410079002e+09 1.351001590962619055e+06 1.167388823490275741e+08
4.977023564332108800e+16 9.924539774049713742e+05 1.834136192181221485e+09 1.002325440919675748e+06 1.066299516649823040e+08
5.857020818056664000e+16 7.540243973112899112e+05 7.035421364380785227e+08 7.607201800981163979e+05 9.754336593634276092e+07
6.892612104349695200e+16 5.873159695540734101e+05 3.086399013235536218e+08 5.923352574200675590e+05 8.938256265809197724e+07
8.111308307896868800e+16 4.711490989111139788e+05 1.553298284623776078e+08 4.753254918104435201e+05 8.189385201074902713e+07
9.545484566618337600e+16 3.904468895698974375e+05 8.699237992815788090e+07 3.942693302883516881e+05 7.498916838003583252e+07
1.123324032978027680e+17 3.351207687680026866e+05 5.313719742329118401e+07 3.389149237581980415e+05 6.855569482842168212e+07
1.321941148466028800e+17 2.983758677540858043e+05 3.489365499490284175e+07 3.024074866494819289e+05 6.241211204652886838e+07
1.555676143930472320e+17 2.747109043808338465e+05 2.420676917686641216e+07 2.792416613208024064e+05 5.633128193965540826e+07
1.830738280295367680e+17 2.605741848272657953e+05 1.730080066937584803e+07 2.659634501806464395e+05 5.009321709483344108e+07
2.154434690031882240e+17 2.532598738953305874e+05 1.248421639394673146e+07 2.600539404245355981e+05 4.337236048855889589e+07
2.535364493970111360e+17 2.503364817125810659e+05 8.960044467226814479e+06 2.593783968061717169e+05 3.617193350302014500e+07
2.983647240283337600e+17 2.484340941741405695e+05 6.417140677107766271e+06 2.607682495690938085e+05 2.893762919495683536e+07
3.511191734215130880e+17 2.441052645169440075e+05 4.623352129381932318e+06 2.607502049018085236e+05 2.211802864199325815e+07
4.132012400115334400e+17 2.343996173044197494e+05 3.372847142123863567e+06 2.558011193185814482e+05 1.654366121985450387e+07
4.862601580065352960e+17 2.176995938869335514e+05 2.501904219693144783e+06 2.431955007247547910e+05 1.221417344896433875e+07
5.722367659350213760e+17 1.954617048305316421e+05 1.896021515081544407e+06 2.232886329538305872e+05 9.077443347886791453e+06
6.734150657750821120e+17 1.716118963071194885e+05 1.472648332759279292e+06 1.999180489162493905e+05 6.849150943951166235e+06
7.924828983539169280e+17 1.494337334414583456e+05 1.174041046217275551e+06 1.769846197770959407e+05 5.264211302894673310e+06
9.326033468832198400e+17 1.305932499744440138e+05 9.619955751207510475e+05 1.568658907110479195e+05 4.115469781391141471e+06
1.097498765493055744e+18 1.151807593064819812e+05 8.124695865215136437e+05 1.400582892470973311e+05 3.212274678618546110e+06
1.291549665014884096e+18 1.024287834235123591e+05 7.066793115636153379e+05 1.259900476309479709e+05 2.435004352464643307e+06
1.519911082952933120e+18 9.096650468527556222e+04 6.319207770629337756e+05 1.133462519827518263e+05 1.700516236744489288e+06
1.788649529057435136e+18 7.898416563003165356e+04 5.787984685170103330e+05 1.000370094084323646e+05 1.067522961309866514e+06
2.104904144512019456e+18 6.501978035005333368e+04 5.413887183221207233e+05 8.376673345358854567e+04 6.269906457453465555e+05
2.477076355991708672e+18 4.953307564065770566e+04 5.133801574766423437e+05 6.505625145638798858e+04 3.485118226567392703e+05
2.915053062825175552e+18 3.489308895220966951e+04 4.902443787692741025e+05 4.622639895029721811e+04 2.005410327559276193e+05
3.430469286314915840e+18 2.305638450273231138e+04 4.681262469159566681e+05 3.046311492781780908e+04 1.189177337460320850e+05
4.037017258596553728e+18 1.466366731534981591e+04 4.436778773689809022e+05 1.905185431380979935e+04 7.432983640187974379e+04
4.750810162102793216e+18 9.375634708258652608e+03 4.150121321225304855e+05 1.193007218385969645e+04 4.895220757427168428e+04
5.590810182512222208e+18 6.328796070831686848e+03 3.826021959788866807e+05 7.952673097624156981e+03 3.372639085606382287e+04
6.579332246575675392e+18 4.567955108525025025e+03 3.483179471752320533e+05 5.716186426738750924e+03 2.432877708807206363e+04
7.742636826811269120e+18 3.505691808684014177e+03 3.145759143571632449e+05 4.399583822130916815e+03 1.825573944193771968e+04
9.111627561154886656e+18 2.843819423242229277e+03 2.835322933819114696e+05 3.601553463852484128e+03 1.419348327387932659e+04
1.072267222010323149e+19 2.417937097782849378e+03 2.559019910941609705e+05 3.106565823149522203e+03 1.139353384131262465e+04
1.261856883066021069e+19 2.125566143096113137e+03 2.310042560435165651e+05 2.778399765836357346e+03 9.414904944554860776e+03
1.484968262254463590e+19 1.864409753458433215e+03 2.072169878447913507e+05 2.463127189702531268e+03 7.965020512284893812e+03
1.747528400007682867e+19 1.455430808558978470e+03 1.823331156499066274e+05 1.862446344716009435e+03 6.912326148596589519e+03
2.056512308348651520e+19 8.832223589631780669e+02 1.545262462848184514e+05 1.039440888197372715e+03 6.109084373423443139e+03
2.420128264794383565e+19 4.362380798650445968e+02 1.235424606688305648e+05 4.756177009049297908e+02 5.503490031016898683e+03
2.848035868435799245e+19 2.072347279630201058e+02 9.222406327434010745e+04 2.166299215465048746e+02 5.039423128018257557e+03
3.351602650938841088e+19 1.031358847079998213e+02 6.425599720630597585e+04 1.056340817732942270e+02 4.678540179467688176e+03
3.944206059437656474e+19 5.679831310345878848e+01 4.315994004169371328e+04 5.761633924430148568e+01 4.409184169518022827e+03
4.641588833612772966e+19 3.486029036819660831e+01 2.908713243413102100e+04 3.519462038405387716e+01 4.199536329041668068e+03
5.462277217684336640e+19 2.353368322758455022e+01 2.015077624244882099e+04 2.369910639300271171e+01 4.048970219501078645e+03
6.428073117284319232e+19 1.725015552903449390e+01 1.459355892962816506e+04 1.734658526056669459e+01 3.941122824386137381e+03
7.564633275546291405e+19 1.361286317300167781e+01 1.120165216453628636e+04 1.367758359849485039e+01 3.871022982852870427e+03
8.902150854450374246e+19 1.144458034100725641e+01 9.053077257237189770e+03 1.149339652514150778e+01 3.836395342608528154e+03
1.047615752789664072e+20 1.015155248580086145e+01 7.588995459571208812e+03 1.019220822997763598e+01 3.828987317358277778e+03
1.232846739442065900e+20 9.428969484671608114e+00 6.428257122644988158e+03 9.466026184476158178e+00 3.851853212853214245e+03
1.450828778495940198e+20 9.132184691089779704e+00 5.127953765247903902e+03 9.169993343022095900e+00 3.898943038992307720e+03
1.707352647470688829e+20 9.140996829939137314e+00 3.486336245692591092e+03 9.186228608515005334e+00 3.971033438378427945e+03
2.009233002565045780e+20 9.404645869537066716e+00 1.960599425901159748e+03 9.471981863796377965e+00 4.067500048618702749e+03
2.364489412645406966e+20 9.890947069621924825e+00 9.946564429410246930e+02 1.001417817843957003e+01 4.188275530208937198e+03
2.782559402207126159e+20 1.056802505720274610e+01 4.953856487773865638e+02 1.082536317265667414e+01 4.333197766975241393e+03
3.274549162877724918e+20 1.137014823431217359e+01 2.618920742251318643e+02 1.191763936997565310e+01 4.504517228232372872e+03
3.853528593710527283e+20 1.221284962400327423e+01 1.506143945608741319e+02 1.332821567384032058e+01 4.701399193549202209e+03
4.534878508128581714e+20 1.298937757288434547e+01 9.418833244638513236e+01 1.511350477560802474e+01 4.926908366401190506e+03
5.336699231206302024e+20 1.359322809672580057e+01 6.368745856519463189e+01 1.733960373116320852e+01 5.183510442802705256e+03
6.280291441834246799e+20 1.397860820826991457e+01 4.636022550787137675e+01 2.008643406594728376e+01 5.469823501800282429e+03
7.390722033525775401e+20 1.417339961844643170e+01 3.598312174207604386e+01 2.347894820418251172e+01 5.795421282992088891e+03
8.697490026177834516e+20 1.424074940218215346e+01 2.948461449098967435e+01 2.766823784399252872e+01 6.153691207669121468e+03
1.023531021899024695e+21 1.425825488706797906e+01 2.529796922777888923e+01 3.283701207763122909e+01 6.557166692563935612e+03
1.204503540258781266e+21 1.430185622616372321e+01 2.260255463203273152e+01 3.916121121325477361e+01 7.005963907614890559e+03
1.417474162926804795e+21 1.440749203183374227e+01 2.082973572422570996e+01 4.702176427396550906e+01 7.502179615650326923e+03
1.668100537200059089e+21 1.460419078294750683e+01 1.969736157659673381e+01 5.687879637194040328e+01 8.062481081733611973e+03
1.963040650040268554e+21 1.491108487003908323e+01 1.903467215610367447e+01 6.938103520145530467e+01 8.670636990663117103e+03
2.310129700083158221e+21 1.534543911083816248e+01 1.875234588010452796e+01 8.523393123485094236e+01 9.357674391107939300e+03
2.718588242732940001e+21 1.590188520504110592e+01 1.875063763644856962e+01 1.057615370576581881e+02 1.011401174719595292e+04
3.199267137797384307e+21 1.657836370859931563e+01 1.897772112320292948e+01 1.327151833299541863e+02 1.095467433217822872e+04
3.764935806792463548e+21 1.736971075317313762e+01 1.939786557656391253e+01 1.684814606819006144e+02 1.189798731053733536e+04
4.430621457583877652e+21 1.826141679160961573e+01 1.997972446091104359e+01 2.158815638240787393e+02 1.292758893850485038e+04
5.214008287999684510e+21 1.923328617468284918e+01 2.068739792398804767e+01 2.790460153139761132e+02 1.409450436344940681e+04
6.135907273413163483e+21 2.026961382711319359e+01 2.149375810191535408e+01 3.643342836219187575e+02 1.536952775773572648e+04
7.220809018385456169e+21 2.135014306529283346e+01 2.237341893043940289e+01 4.801509980982322645e+02 1.680115360155400049e+04
8.497534359086437499e+21 2.244857576047738235e+01 2.329754413473425245e+01 6.373785579181288767e+02 1.839911064591147442e+04
1.000000000000000000e+22 2.353154528076623464e+01 2.423163931839872731e+01 8.487642871496856287e+02 2.015970984478425089e+04
